1.000000	-68.751200	0.886842
3.000000	51.994908	0.883255
5.000000	36.528051	0.875582
7.000000	10.052293	0.854702
9.000000	1.394957	0.811093
11.000000	-1.102342	0.757189
13.000000	-1.918967	0.703585
15.000000	-2.204615	0.653603
17.000000	-2.325420	0.607870
19.000000	-2.440507	0.566416
21.000000	-2.625699	0.529138
23.000000	-2.910679	0.495865
25.000000	-3.299410	0.466380
27.000000	-3.783475	0.440421
29.000000	-4.350394	0.417703
31.000000	-4.988676	0.397929
33.000000	-5.689382	0.380804
35.000000	-6.447147	0.366066
37.000000	-7.258865	0.353457
39.000000	-8.124258	0.342748
41.000000	-9.044531	0.333731
43.000000	-10.019736	0.326233
45.000000	-11.051990	0.320091
47.000000	-12.141996	0.315164
49.000000	-13.288477	0.311329
51.000000	-14.487980	0.308475
53.000000	-15.734103	0.306501
55.000000	-17.017605	0.305314
57.000000	-18.326257	0.304826
59.000000	-19.646004	0.304955
61.000000	-20.962028	0.305624
63.000000	-22.260324	0.306762
65.000000	-23.529084	0.308303
67.000000	-24.758923	0.310192
69.000000	-25.944075	0.312376
71.000000	-27.082297	0.314809
73.000000	-28.172748	0.317459
75.000000	-29.217111	0.320292
77.000000	-30.218613	0.323281
79.000000	-31.180330	0.326407
81.000000	-32.106453	0.329650
83.000000	-33.001461	0.332994
85.000000	-33.868631	0.336426
87.000000	-34.711363	0.339936
89.000000	-35.533129	0.343512
91.000000	-36.336858	0.347145
93.000000	-37.125006	0.350829
95.000000	-37.899663	0.354555
97.000000	-38.662622	0.358319
99.000000	-39.415385	0.362113
101.000000	-40.159188	0.365934
103.000000	-40.895032	0.369776
105.000000	-41.623713	0.373635
107.000000	-42.345849	0.377507
109.000000	-43.061908	0.381389
111.000000	-43.772228	0.385277
113.000000	-44.477040	0.389168
115.000000	-45.176486	0.393059
117.000000	-45.870632	0.396947
119.000000	-46.559486	0.400831
121.000000	-47.243003	0.404707
123.000000	-47.921102	0.408574
125.000000	-48.593668	0.412430
127.000000	-49.260561	0.416273
129.000000	-49.921623	0.420100
131.000000	-50.576679	0.423912
133.000000	-51.225540	0.427706
135.000000	-51.868011	0.431480
137.000000	-52.503888	0.435235
139.000000	-53.132959	0.438968
141.000000	-53.755009	0.442679
143.000000	-54.369820	0.446367
145.000000	-54.977169	0.450030
147.000000	-55.576830	0.453669
149.000000	-56.168578	0.457283
151.000000	-56.752183	0.460871
153.000000	-57.327415	0.464432
155.000000	-57.894046	0.467966
157.000000	-58.451846	0.471473
159.000000	-59.000586	0.474952
161.000000	-59.540042	0.478403
163.000000	-60.069992	0.481826
165.000000	-60.590217	0.485221
167.000000	-61.100509	0.488586
169.000000	-61.600662	0.491923
171.000000	-62.090483	0.495231
173.000000	-62.569790	0.498509
175.000000	-63.038410	0.501759
177.000000	-63.496187	0.504979
179.000000	-63.942981	0.508171
181.000000	-64.378665	0.511333
183.000000	-64.803135	0.514465
185.000000	-65.216303	0.517569
187.000000	-65.618102	0.520644
189.000000	-66.008488	0.523690
191.000000	-66.387435	0.526706
193.000000	-66.754943	0.529694
195.000000	-67.111032	0.532654
197.000000	-67.455744	0.535585
199.000000	-67.789144	0.538487
201.000000	-68.111317	0.541361
203.000000	-68.422371	0.544207
205.000000	-68.722431	0.547025
207.000000	-69.011642	0.549816
209.000000	-69.290169	0.552578
211.000000	-69.558189	0.555314
213.000000	-69.815898	0.558022
215.000000	-70.063504	0.560702
217.000000	-70.301226	0.563357
219.000000	-70.529296	0.565984
221.000000	-70.747955	0.568585
223.000000	-70.957452	0.571159
225.000000	-71.158040	0.573708
227.000000	-71.349980	0.576230
229.000000	-71.533536	0.578727
231.000000	-71.708974	0.581199
233.000000	-71.876562	0.583645
235.000000	-72.036568	0.586066
237.000000	-72.189259	0.588462
239.000000	-72.334900	0.590834
241.000000	-72.473754	0.593181
243.000000	-72.606080	0.595504
245.000000	-72.732134	0.597803
247.000000	-72.852167	0.600078
249.000000	-72.966425	0.602330
251.000000	-73.075147	0.604558
253.000000	-73.178567	0.606763
255.000000	-73.276915	0.608946
257.000000	-73.370410	0.611105
259.000000	-73.459268	0.613242
261.000000	-73.543697	0.615357
263.000000	-73.623897	0.617450
265.000000	-73.700062	0.619520
267.000000	-73.772381	0.621570
269.000000	-73.841032	0.623597
271.000000	-73.906189	0.625604
273.000000	-73.968018	0.627589
275.000000	-74.026679	0.629554
277.000000	-74.082325	0.631497
279.000000	-74.135103	0.633421
281.000000	-74.185152	0.635324
283.000000	-74.232608	0.637207
285.000000	-74.277598	0.639071
287.000000	-74.320246	0.640914
289.000000	-74.360667	0.642739
291.000000	-74.398973	0.644543
293.000000	-74.435271	0.646329
295.000000	-74.469661	0.648096
297.000000	-74.502241	0.649845
299.000000	-74.533102	0.651575
301.000000	-74.562332	0.653286
303.000000	-74.590013	0.654980
305.000000	-74.616225	0.656655
307.000000	-74.641042	0.658313
309.000000	-74.664536	0.659953
311.000000	-74.686775	0.661576
313.000000	-74.707823	0.663181
315.000000	-74.727741	0.664770
317.000000	-74.746588	0.666341
319.000000	-74.764417	0.667896
321.000000	-74.781282	0.669435
323.000000	-74.797232	0.670957
325.000000	-74.812315	0.672463
327.000000	-74.826574	0.673953
329.000000	-74.840051	0.675427
331.000000	-74.852788	0.676885
333.000000	-74.864822	0.678328
335.000000	-74.876190	0.679755
337.000000	-74.886924	0.681167
339.000000	-74.897058	0.682565
341.000000	-74.906623	0.683947
343.000000	-74.915647	0.685315
345.000000	-74.924159	0.686668
347.000000	-74.932184	0.688006
349.000000	-74.939747	0.689331
351.000000	-74.946872	0.690641
353.000000	-74.953581	0.691937
355.000000	-74.959895	0.693220
357.000000	-74.965834	0.694488
359.000000	-74.971418	0.695744
361.000000	-74.976663	0.696985
363.000000	-74.981588	0.698214
365.000000	-74.986209	0.699430
367.000000	-74.990540	0.700632
369.000000	-74.994597	0.701822
371.000000	-74.998393	0.702999
373.000000	-75.001941	0.704163
375.000000	-75.005254	0.705315
377.000000	-75.008344	0.706455
379.000000	-75.011221	0.707583
381.000000	-75.013897	0.708698
383.000000	-75.016381	0.709802
385.000000	-75.018684	0.710894
387.000000	-75.020813	0.711974
389.000000	-75.022778	0.713042
391.000000	-75.024587	0.714100
393.000000	-75.026248	0.715146
395.000000	-75.027768	0.716181
397.000000	-75.029154	0.717204
399.000000	-75.030412	0.718217
401.000000	-75.031550	0.719219
403.000000	-75.032573	0.720211
405.000000	-75.033486	0.721191
407.000000	-75.034296	0.722162
409.000000	-75.035007	0.723122
411.000000	-75.035625	0.724072
413.000000	-75.036153	0.725011
415.000000	-75.036597	0.725941
417.000000	-75.036961	0.726860
419.000000	-75.037248	0.727770
421.000000	-75.037462	0.728671
423.000000	-75.037608	0.729561
425.000000	-75.037688	0.730442
427.000000	-75.037706	0.731314
429.000000	-75.037665	0.732177
431.000000	-75.037568	0.733030
433.000000	-75.037418	0.733874
435.000000	-75.037217	0.734709
437.000000	-75.036969	0.735536
439.000000	-75.036675	0.736353
441.000000	-75.036338	0.737162
443.000000	-75.035960	0.737962
445.000000	-75.035544	0.738754
447.000000	-75.035091	0.739537
449.000000	-75.034603	0.740312
451.000000	-75.034082	0.741079
453.000000	-75.033530	0.741837
455.000000	-75.032949	0.742588
457.000000	-75.032340	0.743331
459.000000	-75.031704	0.744065
461.000000	-75.031044	0.744792
463.000000	-75.030360	0.745511
465.000000	-75.029655	0.746223
467.000000	-75.028928	0.746927
469.000000	-75.028182	0.747623
471.000000	-75.027417	0.748312
473.000000	-75.026635	0.748994
475.000000	-75.025837	0.749669
477.000000	-75.025023	0.750336
479.000000	-75.024195	0.750997
481.000000	-75.023354	0.751650
483.000000	-75.022500	0.752297
485.000000	-75.021635	0.752937
487.000000	-75.020759	0.753569
489.000000	-75.019872	0.754196
491.000000	-75.018977	0.754815
493.000000	-75.018073	0.755428
495.000000	-75.017161	0.756035
497.000000	-75.016241	0.756635
499.000000	-75.015315	0.757229
501.000000	-75.014383	0.757817
503.000000	-75.013445	0.758398
505.000000	-75.012503	0.758973
507.000000	-75.011555	0.759543
509.000000	-75.010604	0.760106
511.000000	-75.009650	0.760663
513.000000	-75.008692	0.761215
515.000000	-75.007732	0.761760
517.000000	-75.006770	0.762300
519.000000	-75.005805	0.762834
521.000000	-75.004840	0.763363
523.000000	-75.003873	0.763886
525.000000	-75.002906	0.764404
527.000000	-75.001938	0.764916
529.000000	-75.000971	0.765423
531.000000	-75.000003	0.765924
533.000000	-74.999037	0.766420
535.000000	-74.998071	0.766911
537.000000	-74.997106	0.767397
539.000000	-74.996142	0.767878
541.000000	-74.995180	0.768354
543.000000	-74.994220	0.768825
545.000000	-74.993262	0.769291
547.000000	-74.992306	0.769752
549.000000	-74.991353	0.770208
551.000000	-74.990402	0.770659
553.000000	-74.989454	0.771106
555.000000	-74.988510	0.771548
557.000000	-74.987568	0.771986
559.000000	-74.986630	0.772419
561.000000	-74.985695	0.772847
563.000000	-74.984764	0.773271
565.000000	-74.983837	0.773691
567.000000	-74.982913	0.774106
569.000000	-74.981994	0.774517
571.000000	-74.981079	0.774924
573.000000	-74.980168	0.775326
575.000000	-74.979261	0.775725
577.000000	-74.978359	0.776119
579.000000	-74.977462	0.776509
581.000000	-74.976569	0.776895
583.000000	-74.975681	0.777277
585.000000	-74.974798	0.777655
587.000000	-74.973920	0.778029
589.000000	-74.973046	0.778400
591.000000	-74.972178	0.778766
593.000000	-74.971315	0.779129
595.000000	-74.970457	0.779488
597.000000	-74.969605	0.779843
599.000000	-74.968757	0.780195
601.000000	-74.967915	0.780543
603.000000	-74.967079	0.780888
605.000000	-74.966248	0.781229
607.000000	-74.965422	0.781566
609.000000	-74.964602	0.781900
611.000000	-74.963787	0.782231
613.000000	-74.962978	0.782558
615.000000	-74.962175	0.782882
617.000000	-74.961377	0.783203
619.000000	-74.960585	0.783520
621.000000	-74.959799	0.783834
623.000000	-74.959018	0.784145
625.000000	-74.958243	0.784453
627.000000	-74.957474	0.784757
629.000000	-74.956711	0.785059
631.000000	-74.955953	0.785357
633.000000	-74.955201	0.785652
635.000000	-74.954455	0.785945
637.000000	-74.953714	0.786234
639.000000	-74.952980	0.786521
641.000000	-74.952251	0.786804
643.000000	-74.951528	0.787085
645.000000	-74.950810	0.787363
647.000000	-74.950099	0.787638
649.000000	-74.949393	0.787910
651.000000	-74.948693	0.788180
653.000000	-74.947999	0.788447
655.000000	-74.947311	0.788711
657.000000	-74.946628	0.788972
659.000000	-74.945951	0.789231
661.000000	-74.945280	0.789487
663.000000	-74.944614	0.789741
665.000000	-74.943954	0.789992
667.000000	-74.943300	0.790241
669.000000	-74.942652	0.790487
671.000000	-74.942009	0.790731
673.000000	-74.941371	0.790972
675.000000	-74.940740	0.791211
677.000000	-74.940114	0.791447
679.000000	-74.939493	0.791681
681.000000	-74.938878	0.791913
683.000000	-74.938269	0.792142
685.000000	-74.937665	0.792370
687.000000	-74.937066	0.792594
689.000000	-74.936473	0.792817
691.000000	-74.935886	0.793038
693.000000	-74.935304	0.793256
695.000000	-74.934727	0.793472
697.000000	-74.934155	0.793686
699.000000	-74.933589	0.793898
701.000000	-74.933028	0.794108
703.000000	-74.932473	0.794315
705.000000	-74.931922	0.794521
707.000000	-74.931377	0.794725
709.000000	-74.930837	0.794926
711.000000	-74.930303	0.795126
713.000000	-74.929773	0.795324
715.000000	-74.929248	0.795519
717.000000	-74.928729	0.795713
719.000000	-74.928214	0.795905
721.000000	-74.927705	0.796095
723.000000	-74.927200	0.796284
725.000000	-74.926701	0.796470
727.000000	-74.926206	0.796655
729.000000	-74.925716	0.796837
731.000000	-74.925231	0.797018
733.000000	-74.924751	0.797198
735.000000	-74.924276	0.797375
737.000000	-74.923805	0.797551
739.000000	-74.923339	0.797725
741.000000	-74.922878	0.797897
743.000000	-74.922421	0.798068
745.000000	-74.921969	0.798237
747.000000	-74.921521	0.798404
749.000000	-74.921079	0.798570
751.000000	-74.920640	0.798735
753.000000	-74.920206	0.798897
755.000000	-74.919777	0.799058
757.000000	-74.919352	0.799218
759.000000	-74.918931	0.799376
761.000000	-74.918515	0.799532
763.000000	-74.918102	0.799687
765.000000	-74.917695	0.799841
767.000000	-74.917291	0.799993
769.000000	-74.916892	0.800144
771.000000	-74.916496	0.800293
773.000000	-74.916105	0.800440
775.000000	-74.915718	0.800587
777.000000	-74.915336	0.800732
779.000000	-74.914957	0.800875
781.000000	-74.914582	0.801018
783.000000	-74.914211	0.801159
785.000000	-74.913844	0.801298
787.000000	-74.913481	0.801436
789.000000	-74.913122	0.801573
791.000000	-74.912766	0.801709
793.000000	-74.912415	0.801843
795.000000	-74.912067	0.801976
797.000000	-74.911723	0.802108
799.000000	-74.911382	0.802239
801.000000	-74.911045	0.802368
803.000000	-74.910712	0.802496
805.000000	-74.910383	0.802623
807.000000	-74.910057	0.802749
809.000000	-74.909734	0.802874
811.000000	-74.909415	0.802997
813.000000	-74.909100	0.803120
815.000000	-74.908788	0.803241
817.000000	-74.908479	0.803361
819.000000	-74.908174	0.803480
821.000000	-74.907872	0.803598
823.000000	-74.907573	0.803715
825.000000	-74.907278	0.803830
827.000000	-74.906986	0.803945
829.000000	-74.906697	0.804058
831.000000	-74.906411	0.804171
833.000000	-74.906129	0.804282
835.000000	-74.905849	0.804393
837.000000	-74.905573	0.804502
839.000000	-74.905300	0.804611
841.000000	-74.905029	0.804718
843.000000	-74.904762	0.804825
845.000000	-74.904498	0.804930
847.000000	-74.904236	0.805035
849.000000	-74.903978	0.805139
851.000000	-74.903722	0.805241
853.000000	-74.903469	0.805343
855.000000	-74.903219	0.805444
857.000000	-74.902972	0.805544
859.000000	-74.902728	0.805643
861.000000	-74.902486	0.805741
863.000000	-74.902247	0.805838
865.000000	-74.902011	0.805934
867.000000	-74.901777	0.806030
869.000000	-74.901546	0.806125
871.000000	-74.901317	0.806218
873.000000	-74.901091	0.806311
875.000000	-74.900868	0.806403
877.000000	-74.900647	0.806495
879.000000	-74.900429	0.806585
881.000000	-74.900213	0.806675
883.000000	-74.899999	0.806764
885.000000	-74.899788	0.806852
887.000000	-74.899579	0.806939
889.000000	-74.899373	0.807026
891.000000	-74.899169	0.807111
893.000000	-74.898967	0.807196
895.000000	-74.898767	0.807281
897.000000	-74.898570	0.807364
899.000000	-74.898375	0.807447
901.000000	-74.898182	0.807529
903.000000	-74.897991	0.807610
905.000000	-74.897802	0.807691
907.000000	-74.897616	0.807771
909.000000	-74.897431	0.807850
911.000000	-74.897249	0.807929
913.000000	-74.897069	0.808007
915.000000	-74.896890	0.808084
917.000000	-74.896714	0.808160
919.000000	-74.896540	0.808236
921.000000	-74.896367	0.808311
923.000000	-74.896197	0.808386
925.000000	-74.896028	0.808460
927.000000	-74.895862	0.808533
929.000000	-74.895697	0.808606
931.000000	-74.895534	0.808678
933.000000	-74.895373	0.808749
935.000000	-74.895213	0.808820
937.000000	-74.895056	0.808890
939.000000	-74.894900	0.808960
941.000000	-74.894746	0.809029
943.000000	-74.894593	0.809097
945.000000	-74.894442	0.809165
947.000000	-74.894293	0.809232
949.000000	-74.894146	0.809299
951.000000	-74.894000	0.809365
953.000000	-74.893856	0.809430
955.000000	-74.893713	0.809495
957.000000	-74.893572	0.809560
959.000000	-74.893432	0.809624
961.000000	-74.893294	0.809687
963.000000	-74.893157	0.809750
965.000000	-74.893022	0.809812
967.000000	-74.892889	0.809874
969.000000	-74.892756	0.809935
971.000000	-74.892626	0.809996
973.000000	-74.892496	0.810056
975.000000	-74.892368	0.810116
977.000000	-74.892242	0.810175
979.000000	-74.892116	0.810234
981.000000	-74.891992	0.810292
983.000000	-74.891870	0.810350
985.000000	-74.891748	0.810407
987.000000	-74.891628	0.810464
989.000000	-74.891509	0.810521
991.000000	-74.891392	0.810576
993.000000	-74.891275	0.810632
995.000000	-74.891160	0.810687
997.000000	-74.891046	0.810741
999.000000	-74.890934	0.810795
1001.000000	-62.409866	0.810847
1003.000000	23.591135	0.809228
1005.000000	31.975650	0.799056
1007.000000	12.594977	0.779529
1009.000000	4.326200	0.743402
1011.000000	1.320135	0.698692
1013.000000	0.086814	0.653364
1015.000000	-0.528091	0.610565
1017.000000	-0.919391	0.571154
1019.000000	-1.250152	0.535297
1021.000000	-1.595178	0.502950
1023.000000	-1.987539	0.473979
1025.000000	-2.437839	0.448198
1027.000000	-2.946946	0.425390
1029.000000	-3.511032	0.405319
1031.000000	-4.125914	0.387747
1033.000000	-4.788040	0.372441
1035.000000	-5.495394	0.359178
1037.000000	-6.247316	0.347755
1039.000000	-7.044289	0.337986
1041.000000	-7.887581	0.329705
1043.000000	-8.778899	0.322757
1045.000000	-9.719799	0.317017
1047.000000	-10.711174	0.312401
1049.000000	-11.753742	0.308714
1051.000000	-12.845183	0.305960
1053.000000	-13.982334	0.304007
1055.000000	-15.159060	0.302793
1057.000000	-16.366731	0.302239
1059.000000	-17.594314	0.302279
1061.000000	-18.829112	0.302845
1063.000000	-20.057840	0.303877
1065.000000	-21.267716	0.305314
1067.000000	-22.447596	0.307102
1069.000000	-23.588764	0.309192
1071.000000	-24.685279	0.311539
1073.000000	-25.733910	0.314106
1075.000000	-26.733787	0.316860
1077.000000	-27.685899	0.319773
1079.000000	-28.592567	0.322821
1081.000000	-29.456964	0.325984
1083.000000	-30.282726	0.329246
1085.000000	-31.073658	0.332593
1087.000000	-31.833531	0.336013
1089.000000	-32.565945	0.339494
1091.000000	-33.274248	0.343029
1093.000000	-33.961496	0.346609
1095.000000	-34.630434	0.350228
1097.000000	-35.283502	0.353879
1099.000000	-35.922849	0.357558
1101.000000	-36.550346	0.361260
1103.000000	-37.167605	0.364980
1105.000000	-37.776009	0.368716
1107.000000	-38.376735	0.372462
1109.000000	-38.970774	0.376217
1111.000000	-39.558955	0.379978
1113.000000	-40.141961	0.383741
1115.000000	-40.720348	0.387505
1117.000000	-41.294563	0.391267
1119.000000	-41.864957	0.395025
1121.000000	-42.431799	0.398778
1123.000000	-42.995289	0.402523
1125.000000	-43.555567	0.406260
1127.000000	-44.112723	0.409985
1129.000000	-44.666806	0.413699
1131.000000	-45.217830	0.417399
1133.000000	-45.765780	0.421085
1135.000000	-46.310620	0.424755
1137.000000	-46.852293	0.428408
1139.000000	-47.390730	0.432043
1141.000000	-47.925847	0.435659
1143.000000	-48.457556	0.439256
1145.000000	-48.985758	0.442832
1147.000000	-49.510351	0.446387
1149.000000	-50.031230	0.449920
1151.000000	-50.548285	0.453430
1153.000000	-51.061408	0.456918
1155.000000	-51.570486	0.460381
1157.000000	-52.075407	0.463821
1159.000000	-52.576058	0.467235
1161.000000	-53.072328	0.470625
1163.000000	-53.564101	0.473990
1165.000000	-54.051265	0.477329
1167.000000	-54.533705	0.480642
1169.000000	-55.011306	0.483928
1171.000000	-55.483955	0.487188
1173.000000	-55.951535	0.490422
1175.000000	-56.413929	0.493629
1177.000000	-56.871023	0.496809
1179.000000	-57.322698	0.499962
1181.000000	-57.768837	0.503088
1183.000000	-58.209322	0.506187
1185.000000	-58.644036	0.509259
1187.000000	-59.072861	0.512303
1189.000000	-59.495681	0.515321
1191.000000	-59.912379	0.518311
1193.000000	-60.322841	0.521274
1195.000000	-60.726955	0.524210
1197.000000	-61.124610	0.527119
1199.000000	-61.515700	0.530001
1201.000000	-61.900121	0.532856
1203.000000	-62.277773	0.535684
1205.000000	-62.648562	0.538486
1207.000000	-63.012400	0.541261
1209.000000	-63.369203	0.544009
1211.000000	-63.718896	0.546731
1213.000000	-64.061408	0.549427
1215.000000	-64.396679	0.552097
1217.000000	-64.724657	0.554741
1219.000000	-65.045297	0.557359
1221.000000	-65.358564	0.559952
1223.000000	-65.664432	0.562519
1225.000000	-65.962886	0.565061
1227.000000	-66.253919	0.567578
1229.000000	-66.537535	0.570070
1231.000000	-66.813749	0.572537
1233.000000	-67.082585	0.574980
1235.000000	-67.344076	0.577398
1237.000000	-67.598266	0.579792
1239.000000	-67.845208	0.582162
1241.000000	-68.084966	0.584508
1243.000000	-68.317609	0.586831
1245.000000	-68.543219	0.589130
1247.000000	-68.761883	0.591406
1249.000000	-68.973697	0.593659
1251.000000	-69.178763	0.595889
1253.000000	-69.377192	0.598096
1255.000000	-69.569097	0.600281
1257.000000	-69.754602	0.602443
1259.000000	-69.933831	0.604584
1261.000000	-70.106914	0.606702
1263.000000	-70.273987	0.608799
1265.000000	-70.435186	0.610874
1267.000000	-70.590653	0.612928
1269.000000	-70.740528	0.614961
1271.000000	-70.884957	0.616973
1273.000000	-71.024085	0.618964
1275.000000	-71.158059	0.620935
1277.000000	-71.287024	0.622886
1279.000000	-71.411128	0.624816
1281.000000	-71.530517	0.626726
1283.000000	-71.645335	0.628617
1285.000000	-71.755727	0.630488
1287.000000	-71.861835	0.632339
1289.000000	-71.963801	0.634172
1291.000000	-72.061763	0.635985
1293.000000	-72.155859	0.637780
1295.000000	-72.246222	0.639556
1297.000000	-72.332984	0.641313
1299.000000	-72.416275	0.643052
1301.000000	-72.496221	0.644773
1303.000000	-72.572944	0.646477
1305.000000	-72.646566	0.648162
1307.000000	-72.717202	0.649830
1309.000000	-72.784969	0.651480
1311.000000	-72.849975	0.653114
1313.000000	-72.912328	0.654730
1315.000000	-72.972134	0.656329
1317.000000	-73.029493	0.657912
1319.000000	-73.084502	0.659478
1321.000000	-73.137257	0.661028
1323.000000	-73.187848	0.662562
1325.000000	-73.236366	0.664079
1327.000000	-73.282893	0.665581
1329.000000	-73.327514	0.667067
1331.000000	-73.370307	0.668538
1333.000000	-73.411349	0.669993
1335.000000	-73.450712	0.671433
1337.000000	-73.488469	0.672858
1339.000000	-73.524686	0.674268
1341.000000	-73.559429	0.675663
1343.000000	-73.592762	0.677044
1345.000000	-73.624744	0.678410
1347.000000	-73.655433	0.679762
1349.000000	-73.684886	0.681100
1351.000000	-73.713154	0.682424
1353.000000	-73.740290	0.683734
1355.000000	-73.766342	0.685031
1357.000000	-73.791358	0.686313
1359.000000	-73.815382	0.687583
1361.000000	-73.838457	0.688839
1363.000000	-73.860624	0.690082
1365.000000	-73.881924	0.691312
1367.000000	-73.902394	0.692529
1369.000000	-73.922070	0.693734
1371.000000	-73.940986	0.694925
1373.000000	-73.959176	0.696105
1375.000000	-73.976671	0.697272
1377.000000	-73.993502	0.698427
1379.000000	-74.009697	0.699570
1381.000000	-74.025284	0.700701
1383.000000	-74.040290	0.701820
1385.000000	-74.054739	0.702928
1387.000000	-74.068657	0.704024
1389.000000	-74.082065	0.705108
1391.000000	-74.094987	0.706182
1393.000000	-74.107442	0.707244
1395.000000	-74.119451	0.708295
1397.000000	-74.131034	0.709335
1399.000000	-74.142208	0.710364
1401.000000	-74.152992	0.711383
1403.000000	-74.163401	0.712391
1405.000000	-74.173452	0.713388
1407.000000	-74.183159	0.714376
1409.000000	-74.192539	0.715352
1411.000000	-74.201604	0.716319
1413.000000	-74.210368	0.717276
1415.000000	-74.218843	0.718223
1417.000000	-74.227041	0.719160
1419.000000	-74.234975	0.720087
1421.000000	-74.242655	0.721005
1423.000000	-74.250092	0.721913
1425.000000	-74.257295	0.722812
1427.000000	-74.264275	0.723701
1429.000000	-74.271040	0.724582
1431.000000	-74.277599	0.725453
1433.000000	-74.283962	0.726315
1435.000000	-74.290134	0.727168
1437.000000	-74.296126	0.728013
1439.000000	-74.301943	0.728849
1441.000000	-74.307592	0.729676
1443.000000	-74.313081	0.730494
1445.000000	-74.318416	0.731305
1447.000000	-74.323602	0.732107
1449.000000	-74.328646	0.732900
1451.000000	-74.333553	0.733686
1453.000000	-74.338329	0.734463
1455.000000	-74.342978	0.735233
1457.000000	-74.347505	0.735994
1459.000000	-74.351916	0.736748
1461.000000	-74.356214	0.737494
1463.000000	-74.360403	0.738232
1465.000000	-74.364489	0.738963
1467.000000	-74.368474	0.739686
1469.000000	-74.372363	0.740402
1471.000000	-74.376158	0.741111
1473.000000	-74.379864	0.741812
1475.000000	-74.383484	0.742506
1477.000000	-74.387020	0.743193
1479.000000	-74.390476	0.743874
1481.000000	-74.393855	0.744547
1483.000000	-74.397159	0.745213
1485.000000	-74.400391	0.745873
1487.000000	-74.403554	0.746525
1489.000000	-74.406649	0.747172
1491.000000	-74.409680	0.747811
1493.000000	-74.412648	0.748445
1495.000000	-74.415555	0.749071
1497.000000	-74.418404	0.749692
1499.000000	-74.421197	0.750306
1501.000000	-74.423935	0.750914
1503.000000	-74.426620	0.751515
1505.000000	-74.429254	0.752111
1507.000000	-74.431838	0.752701
1509.000000	-74.434375	0.753285
1511.000000	-74.436865	0.753862
1513.000000	-74.439310	0.754434
1515.000000	-74.441712	0.755001
1517.000000	-74.444072	0.755561
1519.000000	-74.446391	0.756116
1521.000000	-74.448670	0.756666
1523.000000	-74.450910	0.757209
1525.000000	-74.453114	0.757748
1527.000000	-74.455281	0.758281
1529.000000	-74.457413	0.758808
1531.000000	-74.459511	0.759331
1533.000000	-74.461576	0.759848
1535.000000	-74.463608	0.760360
1537.000000	-74.465610	0.760867
1539.000000	-74.467581	0.761369
1541.000000	-74.469522	0.761866
1543.000000	-74.471435	0.762358
1545.000000	-74.473319	0.762845
1547.000000	-74.475177	0.763327
1549.000000	-74.477008	0.763804
1551.000000	-74.478813	0.764277
1553.000000	-74.480593	0.764745
1555.000000	-74.482348	0.765208
1557.000000	-74.484080	0.765667
1559.000000	-74.485788	0.766121
1561.000000	-74.487474	0.766571
1563.000000	-74.489137	0.767016
1565.000000	-74.490780	0.767457
1567.000000	-74.492401	0.767894
1569.000000	-74.494001	0.768326
1571.000000	-74.495581	0.768754
1573.000000	-74.497142	0.769178
1575.000000	-74.498684	0.769598
1577.000000	-74.500207	0.770013
1579.000000	-74.501712	0.770425
1581.000000	-74.503199	0.770832
1583.000000	-74.504668	0.771236
1585.000000	-74.506121	0.771635
1587.000000	-74.507557	0.772031
1589.000000	-74.508976	0.772423
1591.000000	-74.510380	0.772811
1593.000000	-74.511768	0.773195
1595.000000	-74.513140	0.773575
1597.000000	-74.514498	0.773952
1599.000000	-74.515841	0.774325
1601.000000	-74.517169	0.774695
1603.000000	-74.518484	0.775061
1605.000000	-74.519785	0.775423
1607.000000	-74.521072	0.775782
1609.000000	-74.522346	0.776137
1611.000000	-74.523607	0.776490
1613.000000	-74.524855	0.776838
1615.000000	-74.526090	0.777183
1617.000000	-74.527314	0.777525
1619.000000	-74.528525	0.777864
1621.000000	-74.529724	0.778199
1623.000000	-74.530912	0.778532
1625.000000	-74.532089	0.778861
1627.000000	-74.533254	0.779187
1629.000000	-74.534408	0.779509
1631.000000	-74.535551	0.779829
1633.000000	-74.536684	0.780146
1635.000000	-74.537807	0.780459
1637.000000	-74.538919	0.780770
1639.000000	-74.540020	0.781078
1641.000000	-74.541112	0.781383
1643.000000	-74.542195	0.781684
1645.000000	-74.543267	0.781983
1647.000000	-74.544330	0.782280
1649.000000	-74.545384	0.782573
1651.000000	-74.546429	0.782864
1653.000000	-74.547464	0.783152
1655.000000	-74.548491	0.783437
1657.000000	-74.549509	0.783719
1659.000000	-74.550519	0.783999
1661.000000	-74.551519	0.784276
1663.000000	-74.552512	0.784551
1665.000000	-74.553496	0.784823
1667.000000	-74.554473	0.785093
1669.000000	-74.555441	0.785360
1671.000000	-74.556401	0.785624
1673.000000	-74.557354	0.785886
1675.000000	-74.558298	0.786146
1677.000000	-74.559236	0.786403
1679.000000	-74.560165	0.786658
1681.000000	-74.561088	0.786910
1683.000000	-74.562003	0.787161
1685.000000	-74.562911	0.787408
1687.000000	-74.563812	0.787654
1689.000000	-74.564706	0.787897
1691.000000	-74.565593	0.788138
1693.000000	-74.566474	0.788377
1695.000000	-74.567347	0.788613
1697.000000	-74.568214	0.788848
1699.000000	-74.569075	0.789080
1701.000000	-74.569929	0.789310
1703.000000	-74.570776	0.789538
1705.000000	-74.571617	0.789764
1707.000000	-74.572453	0.789988
1709.000000	-74.573281	0.790210
1711.000000	-74.574104	0.790430
1713.000000	-74.574921	0.790648
1715.000000	-74.575732	0.790863
1717.000000	-74.576537	0.791077
1719.000000	-74.577336	0.791289
1721.000000	-74.578129	0.791499
1723.000000	-74.578917	0.791707
1725.000000	-74.579699	0.791914
1727.000000	-74.580476	0.792118
1729.000000	-74.581247	0.792321
1731.000000	-74.582012	0.792521
1733.000000	-74.582772	0.792720
1735.000000	-74.583527	0.792917
1737.000000	-74.584277	0.793113
1739.000000	-74.585021	0.793306
1741.000000	-74.585760	0.793498
1743.000000	-74.586494	0.793688
1745.000000	-74.587224	0.793877
1747.000000	-74.587948	0.794064
1749.000000	-74.588667	0.794249
1751.000000	-74.589381	0.794432
1753.000000	-74.590090	0.794614
1755.000000	-74.590795	0.794794
1757.000000	-74.591494	0.794973
1759.000000	-74.592189	0.795150
1761.000000	-74.592880	0.795326
1763.000000	-74.593565	0.795500
1765.000000	-74.594246	0.795672
1767.000000	-74.594923	0.795843
1769.000000	-74.595595	0.796012
1771.000000	-74.596262	0.796180
1773.000000	-74.596925	0.796347
1775.000000	-74.597584	0.796512
1777.000000	-74.598239	0.796675
1779.000000	-74.598889	0.796838
1781.000000	-74.599534	0.796998
1783.000000	-74.600176	0.797158
1785.000000	-74.600813	0.797316
1787.000000	-74.601446	0.797472
1789.000000	-74.602075	0.797627
1791.000000	-74.602700	0.797781
1793.000000	-74.603321	0.797934
1795.000000	-74.603938	0.798085
1797.000000	-74.604551	0.798235
1799.000000	-74.605160	0.798384
1801.000000	-74.605765	0.798531
1803.000000	-74.606366	0.798677
1805.000000	-74.606963	0.798822
1807.000000	-74.607556	0.798966
1809.000000	-74.608146	0.799108
1811.000000	-74.608731	0.799249
1813.000000	-74.609313	0.799389
1815.000000	-74.609892	0.799528
1817.000000	-74.610466	0.799666
1819.000000	-74.611037	0.799802
1821.000000	-74.611604	0.799937
1823.000000	-74.612168	0.800072
1825.000000	-74.612728	0.800205
1827.000000	-74.613284	0.800336
1829.000000	-74.613837	0.800467
1831.000000	-74.614387	0.800597
1833.000000	-74.614933	0.800725
1835.000000	-74.615475	0.800853
1837.000000	-74.616014	0.800979
1839.000000	-74.616550	0.801105
1841.000000	-74.617082	0.801229
1843.000000	-74.617611	0.801352
1845.000000	-74.618136	0.801475
1847.000000	-74.618659	0.801596
1849.000000	-74.619178	0.801716
1851.000000	-74.619693	0.801835
1853.000000	-74.620206	0.801954
1855.000000	-74.620715	0.802071
1857.000000	-74.621221	0.802187
1859.000000	-74.621723	0.802302
1861.000000	-74.622223	0.802417
1863.000000	-74.622719	0.802530
1865.000000	-74.623213	0.802643
1867.000000	-74.623703	0.802754
1869.000000	-74.624190	0.802865
1871.000000	-74.624674	0.802975
1873.000000	-74.625155	0.803084
1875.000000	-74.625633	0.803192
1877.000000	-74.626108	0.803299
1879.000000	-74.626580	0.803405
1881.000000	-74.627049	0.803510
1883.000000	-74.627515	0.803615
1885.000000	-74.627978	0.803719
1887.000000	-74.628438	0.803821
1889.000000	-74.628896	0.803923
1891.000000	-74.629350	0.804025
1893.000000	-74.629802	0.804125
1895.000000	-74.630250	0.804224
1897.000000	-74.630696	0.804323
1899.000000	-74.631139	0.804421
1901.000000	-74.631579	0.804518
1903.000000	-74.632017	0.804615
1905.000000	-74.632452	0.804710
1907.000000	-74.632883	0.804805
1909.000000	-74.633313	0.804899
1911.000000	-74.633739	0.804993
1913.000000	-74.634163	0.805085
1915.000000	-74.634584	0.805177
1917.000000	-74.635003	0.805268
1919.000000	-74.635418	0.805359
1921.000000	-74.635831	0.805449
1923.000000	-74.636242	0.805538
1925.000000	-74.636650	0.805626
1927.000000	-74.637055	0.805713
1929.000000	-74.637458	0.805800
1931.000000	-74.637858	0.805887
1933.000000	-74.638256	0.805972
1935.000000	-74.638651	0.806057
1937.000000	-74.639043	0.806141
1939.000000	-74.639433	0.806225
1941.000000	-74.639821	0.806308
1943.000000	-74.640206	0.806390
1945.000000	-74.640588	0.806472
1947.000000	-74.640969	0.806553
1949.000000	-74.641346	0.806633
1951.000000	-74.641721	0.806713
1953.000000	-74.642094	0.806792
1955.000000	-74.642465	0.806871
1957.000000	-74.642833	0.806949
1959.000000	-74.643198	0.807026
1961.000000	-74.643562	0.807103
1963.000000	-74.643922	0.807179
1965.000000	-74.644281	0.807254
1967.000000	-74.644637	0.807329
1969.000000	-74.644991	0.807404
1971.000000	-74.645343	0.807478
1973.000000	-74.645692	0.807551
1975.000000	-74.646039	0.807624
1977.000000	-74.646384	0.807696
1979.000000	-74.646726	0.807767
1981.000000	-74.647067	0.807839
1983.000000	-74.647405	0.807909
1985.000000	-74.647740	0.807979
1987.000000	-74.648074	0.808049
1989.000000	-74.648405	0.808118
1991.000000	-74.648734	0.808186
1993.000000	-74.649061	0.808254
1995.000000	-74.649386	0.808321
1997.000000	-74.649709	0.808388
1999.000000	-74.650029	0.808455
2001.000000	-62.157277	0.808518
2003.000000	22.011854	0.807021
2005.000000	31.567133	0.797203
2007.000000	12.689944	0.778656
2009.000000	4.477287	0.744473
2011.000000	1.440622	0.701622
2013.000000	0.172868	0.657308
2015.000000	-0.474728	0.614574
2017.000000	-0.898351	0.574439
2019.000000	-1.261403	0.537286
2021.000000	-1.638258	0.503290
2023.000000	-2.061203	0.472498
2025.000000	-2.540859	0.444864
2027.000000	-3.077371	0.420271
2029.000000	-3.667056	0.398546
2031.000000	-4.305391	0.379484
2033.000000	-4.988760	0.362863
2035.000000	-5.714953	0.348460
2037.000000	-6.483093	0.336059
2039.000000	-7.293408	0.325458
2041.000000	-8.146800	0.316471
2043.000000	-9.044452	0.308933
2045.000000	-9.987366	0.302694
2047.000000	-10.975843	0.297628
2049.000000	-12.009241	0.293601
2051.000000	-13.085352	0.290486
2053.000000	-14.199045	0.288253
2055.000000	-15.343967	0.286786
2057.000000	-16.510871	0.286029
2059.000000	-17.689709	0.285859
2061.000000	-18.868399	0.286222
2063.000000	-20.034738	0.287059
2065.000000	-21.177484	0.288321
2067.000000	-22.287366	0.289953
2069.000000	-23.357601	0.291895
2071.000000	-24.383617	0.294109
2073.000000	-25.363260	0.296557
2075.000000	-26.296390	0.299209
2077.000000	-27.184388	0.302035
2079.000000	-28.029717	0.305013
2081.000000	-28.835519	0.308121
2083.000000	-29.605284	0.311343
2085.000000	-30.343039	0.314665
2087.000000	-31.051754	0.318071
2089.000000	-31.734363	0.321550
2091.000000	-32.394783	0.325094
2093.000000	-33.035962	0.328695
2095.000000	-33.660068	0.332343
2097.000000	-34.269691	0.336033
2099.000000	-34.866775	0.339758
2101.000000	-35.453111	0.343513
2103.000000	-36.030255	0.347294
2105.000000	-36.599557	0.351095
2107.000000	-37.162178	0.354913
2109.000000	-37.719099	0.358744
2111.000000	-38.271148	0.362586
2113.000000	-38.819015	0.366434
2115.000000	-39.363269	0.370287
2117.000000	-39.904371	0.374141
2119.000000	-40.442686	0.377995
2121.000000	-40.978500	0.381846
2123.000000	-41.512025	0.385692
2125.000000	-42.043412	0.389532
2127.000000	-42.572762	0.393363
2129.000000	-43.100127	0.397185
2131.000000	-43.625524	0.400995
2133.000000	-44.148938	0.404792
2135.000000	-44.670329	0.408576
2137.000000	-45.189633	0.412343
2139.000000	-45.706772	0.416095
2141.000000	-46.221653	0.419829
2143.000000	-46.734173	0.423544
2145.000000	-47.244222	0.427240
2147.000000	-47.751684	0.430915
2149.000000	-48.256438	0.434570
2151.000000	-48.758362	0.438203
2153.000000	-49.257333	0.441813
2155.000000	-49.753227	0.445400
2157.000000	-50.245920	0.448964
2159.000000	-50.735288	0.452503
2161.000000	-51.221210	0.456018
2163.000000	-51.703566	0.459507
2165.000000	-52.182235	0.462971
2167.000000	-52.657101	0.466410
2169.000000	-53.128045	0.469822
2171.000000	-53.594953	0.473207
2173.000000	-54.057710	0.476566
2175.000000	-54.516203	0.479898
2177.000000	-54.970319	0.483203
2179.000000	-55.419945	0.486481
2181.000000	-55.864970	0.489731
2183.000000	-56.305283	0.492954
2185.000000	-56.740772	0.496150
2187.000000	-57.171328	0.499317
2189.000000	-57.596840	0.502457
2191.000000	-58.017199	0.505570
2193.000000	-58.432295	0.508654
2195.000000	-58.842020	0.511711
2197.000000	-59.246266	0.514741
2199.000000	-59.644929	0.517742
2201.000000	-60.037902	0.520717
2203.000000	-60.425083	0.523663
2205.000000	-60.806372	0.526583
2207.000000	-61.181672	0.529475
2209.000000	-61.550887	0.532339
2211.000000	-61.913927	0.535177
2213.000000	-62.270705	0.537988
2215.000000	-62.621138	0.540772
2217.000000	-62.965151	0.543529
2219.000000	-63.302671	0.546259
2221.000000	-63.633634	0.548963
2223.000000	-63.957980	0.551641
2225.000000	-64.275657	0.554293
2227.000000	-64.586622	0.556919
2229.000000	-64.890836	0.559519
2231.000000	-65.188271	0.562093
2233.000000	-65.478907	0.564642
2235.000000	-65.762729	0.567166
2237.000000	-66.039736	0.569665
2239.000000	-66.309930	0.572138
2241.000000	-66.573325	0.574588
2243.000000	-66.829944	0.577012
2245.000000	-67.079815	0.579412
2247.000000	-67.322978	0.581788
2249.000000	-67.559479	0.584141
2251.000000	-67.789373	0.586469
2253.000000	-68.012723	0.588774
2255.000000	-68.229597	0.591056
2257.000000	-68.440073	0.593314
2259.000000	-68.644234	0.595549
2261.000000	-68.842169	0.597762
2263.000000	-69.033973	0.599952
2265.000000	-69.219748	0.602120
2267.000000	-69.399598	0.604266
2269.000000	-69.573634	0.606389
2271.000000	-69.741969	0.608491
2273.000000	-69.904721	0.610571
2275.000000	-70.062010	0.612630
2277.000000	-70.213960	0.614668
2279.000000	-70.360695	0.616685
2281.000000	-70.502343	0.618681
2283.000000	-70.639032	0.620657
2285.000000	-70.770891	0.622612
2287.000000	-70.898051	0.624547
2289.000000	-71.020640	0.626461
2291.000000	-71.138789	0.628357
2293.000000	-71.252627	0.630232
2295.000000	-71.362283	0.632088
2297.000000	-71.467884	0.633925
2299.000000	-71.569557	0.635743
2301.000000	-71.667427	0.637542
2303.000000	-71.761617	0.639322
2305.000000	-71.852248	0.641083
2307.000000	-71.939440	0.642827
2309.000000	-72.023309	0.644552
2311.000000	-72.103971	0.646260
2313.000000	-72.181538	0.647949
2315.000000	-72.256119	0.649621
2317.000000	-72.327822	0.651276
2319.000000	-72.396751	0.652913
2321.000000	-72.463009	0.654533
2323.000000	-72.526694	0.656137
2325.000000	-72.587903	0.657723
2327.000000	-72.646730	0.659294
2329.000000	-72.703265	0.660847
2331.000000	-72.757597	0.662385
2333.000000	-72.809810	0.663907
2335.000000	-72.859989	0.665412
2337.000000	-72.908211	0.666902
2339.000000	-72.954556	0.668377
2341.000000	-72.999097	0.669836
2343.000000	-73.041906	0.671279
2345.000000	-73.083054	0.672708
2347.000000	-73.122606	0.674122
2349.000000	-73.160628	0.675521
2351.000000	-73.197182	0.676906
2353.000000	-73.232328	0.678276
2355.000000	-73.266124	0.679631
2357.000000	-73.298624	0.680973
2359.000000	-73.329883	0.682301
2361.000000	-73.359952	0.683614
2363.000000	-73.388879	0.684914
2365.000000	-73.416713	0.686201
2367.000000	-73.443499	0.687474
2369.000000	-73.469280	0.688734
2371.000000	-73.494098	0.689981
2373.000000	-73.517994	0.691214
2375.000000	-73.541006	0.692435
2377.000000	-73.563171	0.693643
2379.000000	-73.584524	0.694839
2381.000000	-73.605099	0.696022
2383.000000	-73.624930	0.697193
2385.000000	-73.644046	0.698351
2387.000000	-73.662478	0.699498
2389.000000	-73.680255	0.700632
2391.000000	-73.697404	0.701755
2393.000000	-73.713951	0.702866
2395.000000	-73.729921	0.703966
2397.000000	-73.745338	0.705054
2399.000000	-73.760226	0.706131
2401.000000	-73.774605	0.707197
2403.000000	-73.788499	0.708251
2405.000000	-73.801926	0.709295
2407.000000	-73.814905	0.710328
2409.000000	-73.827456	0.711350
2411.000000	-73.839596	0.712362
2413.000000	-73.851342	0.713363
2415.000000	-73.862710	0.714353
2417.000000	-73.873715	0.715334
2419.000000	-73.884372	0.716304
2421.000000	-73.894696	0.717265
2423.000000	-73.904700	0.718215
2425.000000	-73.914397	0.719156
2427.000000	-73.923799	0.720086
2429.000000	-73.932918	0.721008
2431.000000	-73.941765	0.721919
2433.000000	-73.950352	0.722822
2435.000000	-73.958689	0.723715
2437.000000	-73.966784	0.724599
2439.000000	-73.974649	0.725473
2441.000000	-73.982292	0.726339
2443.000000	-73.989722	0.727196
2445.000000	-73.996947	0.728044
2447.000000	-74.003974	0.728883
2449.000000	-74.010813	0.729714
2451.000000	-74.017469	0.730536
2453.000000	-74.023950	0.731350
2455.000000	-74.030262	0.732155
2457.000000	-74.036412	0.732953
2459.000000	-74.042407	0.733742
2461.000000	-74.048251	0.734523
2463.000000	-74.053950	0.735296
2465.000000	-74.059510	0.736061
2467.000000	-74.064936	0.736818
2469.000000	-74.070232	0.737567
2471.000000	-74.075404	0.738309
2473.000000	-74.080456	0.739044
2475.000000	-74.085392	0.739770
2477.000000	-74.090217	0.740490
2479.000000	-74.094934	0.741202
2481.000000	-74.099547	0.741907
2483.000000	-74.104059	0.742605
2485.000000	-74.108475	0.743295
2487.000000	-74.112797	0.743979
2489.000000	-74.117029	0.744655
2491.000000	-74.121174	0.745325
2493.000000	-74.125235	0.745988
2495.000000	-74.129214	0.746645
2497.000000	-74.133114	0.747294
2499.000000	-74.136938	0.747938
2501.000000	-74.140689	0.748574
2503.000000	-74.144368	0.749204
2505.000000	-74.147978	0.749828
2507.000000	-74.151522	0.750446
2509.000000	-74.155001	0.751057
2511.000000	-74.158417	0.751663
2513.000000	-74.161772	0.752262
2515.000000	-74.165069	0.752855
2517.000000	-74.168308	0.753442
2519.000000	-74.171492	0.754023
2521.000000	-74.174623	0.754599
2523.000000	-74.177701	0.755169
2525.000000	-74.180729	0.755733
2527.000000	-74.183708	0.756291
2529.000000	-74.186639	0.756844
2531.000000	-74.189524	0.757391
2533.000000	-74.192363	0.757933
2535.000000	-74.195160	0.758469
2537.000000	-74.197913	0.759000
2539.000000	-74.200625	0.759526
2541.000000	-74.203298	0.760047
2543.000000	-74.205931	0.760562
2545.000000	-74.208525	0.761072
2547.000000	-74.211083	0.761578
2549.000000	-74.213605	0.762078
2551.000000	-74.216092	0.762573
2553.000000	-74.218544	0.763064
2555.000000	-74.220963	0.763549
2557.000000	-74.223349	0.764030
2559.000000	-74.225704	0.764506
2561.000000	-74.228028	0.764977
2563.000000	-74.230321	0.765444
2565.000000	-74.232585	0.765906
2567.000000	-74.234820	0.766364
2569.000000	-74.237027	0.766817
2571.000000	-74.239207	0.767265
2573.000000	-74.241360	0.767710
2575.000000	-74.243487	0.768149
2577.000000	-74.245588	0.768585
2579.000000	-74.247664	0.769016
2581.000000	-74.249715	0.769443
2583.000000	-74.251743	0.769866
2585.000000	-74.253747	0.770285
2587.000000	-74.255728	0.770700
2589.000000	-74.257687	0.771111
2591.000000	-74.259624	0.771517
2593.000000	-74.261539	0.771920
2595.000000	-74.263433	0.772319
2597.000000	-74.265306	0.772714
2599.000000	-74.267160	0.773105
2601.000000	-74.268993	0.773493
2603.000000	-74.270807	0.773876
2605.000000	-74.272602	0.774256
2607.000000	-74.274378	0.774632
2609.000000	-74.276136	0.775005
2611.000000	-74.277876	0.775374
2613.000000	-74.279598	0.775740
2615.000000	-74.281303	0.776102
2617.000000	-74.282991	0.776460
2619.000000	-74.284662	0.776815
2621.000000	-74.286317	0.777167
2623.000000	-74.287955	0.777515
2625.000000	-74.289578	0.777860
2627.000000	-74.291185	0.778202
2629.000000	-74.292777	0.778541
2631.000000	-74.294353	0.778876
2633.000000	-74.295915	0.779208
2635.000000	-74.297463	0.779537
2637.000000	-74.298996	0.779863
2639.000000	-74.300515	0.780185
2641.000000	-74.302020	0.780505
2643.000000	-74.303511	0.780821
2645.000000	-74.304989	0.781135
2647.000000	-74.306454	0.781446
2649.000000	-74.307905	0.781753
2651.000000	-74.309344	0.782058
2653.000000	-74.310770	0.782360
2655.000000	-74.312184	0.782659
2657.000000	-74.313586	0.782956
2659.000000	-74.314975	0.783249
2661.000000	-74.316353	0.783540
2663.000000	-74.317719	0.783828
2665.000000	-74.319073	0.784113
2667.000000	-74.320416	0.784396
2669.000000	-74.321747	0.784676
2671.000000	-74.323068	0.784953
2673.000000	-74.324377	0.785228
2675.000000	-74.325676	0.785500
2677.000000	-74.326964	0.785770
2679.000000	-74.328242	0.786037
2681.000000	-74.329509	0.786302
2683.000000	-74.330766	0.786564
2685.000000	-74.332013	0.786824
2687.000000	-74.333250	0.787082
2689.000000	-74.334477	0.787337
2691.000000	-74.335694	0.787590
2693.000000	-74.336902	0.787840
2695.000000	-74.338100	0.788088
2697.000000	-74.339289	0.788334
2699.000000	-74.340469	0.788578
2701.000000	-74.341639	0.788819
2703.000000	-74.342801	0.789058
2705.000000	-74.343953	0.789295
2707.000000	-74.345097	0.789530
2709.000000	-74.346232	0.789763
2711.000000	-74.347358	0.789993
2713.000000	-74.348476	0.790222
2715.000000	-74.349586	0.790448
2717.000000	-74.350687	0.790672
2719.000000	-74.351779	0.790895
2721.000000	-74.352864	0.791115
2723.000000	-74.353941	0.791333
2725.000000	-74.355009	0.791549
2727.000000	-74.356070	0.791764
2729.000000	-74.357123	0.791976
2731.000000	-74.358169	0.792187
2733.000000	-74.359206	0.792395
2735.000000	-74.360236	0.792602
2737.000000	-74.361259	0.792807
2739.000000	-74.362274	0.793010
2741.000000	-74.363282	0.793211
2743.000000	-74.364282	0.793410
2745.000000	-74.365276	0.793608
2747.000000	-74.366262	0.793804
2749.000000	-74.367241	0.793998
2751.000000	-74.368214	0.794190
2753.000000	-74.369179	0.794381
2755.000000	-74.370138	0.794570
2757.000000	-74.371089	0.794757
2759.000000	-74.372035	0.794943
2761.000000	-74.372973	0.795127
2763.000000	-74.373905	0.795309
2765.000000	-74.374830	0.795490
2767.000000	-74.375749	0.795669
2769.000000	-74.376662	0.795847
2771.000000	-74.377568	0.796023
2773.000000	-74.378467	0.796198
2775.000000	-74.379361	0.796371
2777.000000	-74.380249	0.796542
2779.000000	-74.381130	0.796712
2781.000000	-74.382005	0.796880
2783.000000	-74.382874	0.797047
2785.000000	-74.383738	0.797213
2787.000000	-74.384595	0.797377
2789.000000	-74.385447	0.797540
2791.000000	-74.386292	0.797701
2793.000000	-74.387132	0.797861
2795.000000	-74.387967	0.798019
2797.000000	-74.388795	0.798176
2799.000000	-74.389618	0.798332
2801.000000	-74.390436	0.798487
2803.000000	-74.391248	0.798640
2805.000000	-74.392054	0.798791
2807.000000	-74.392855	0.798942
2809.000000	-74.393651	0.799091
2811.000000	-74.394441	0.799239
2813.000000	-74.395226	0.799386
2815.000000	-74.396006	0.799531
2817.000000	-74.396780	0.799675
2819.000000	-74.397550	0.799818
2821.000000	-74.398314	0.799960
2823.000000	-74.399073	0.800100
2825.000000	-74.399827	0.800239
2827.000000	-74.400576	0.800377
2829.000000	-74.401320	0.800514
2831.000000	-74.402059	0.800650
2833.000000	-74.402793	0.800785
2835.000000	-74.403523	0.800918
2837.000000	-74.404247	0.801051
2839.000000	-74.404967	0.801182
2841.000000	-74.405682	0.801312
2843.000000	-74.406392	0.801441
2845.000000	-74.407097	0.801569
2847.000000	-74.407798	0.801696
2849.000000	-74.408495	0.801822
2851.000000	-74.409186	0.801946
2853.000000	-74.409873	0.802070
2855.000000	-74.410556	0.802193
2857.000000	-74.411234	0.802315
2859.000000	-74.411908	0.802435
2861.000000	-74.412577	0.802555
2863.000000	-74.413242	0.802674
2865.000000	-74.413902	0.802791
2867.000000	-74.414558	0.802908
2869.000000	-74.415210	0.803024
2871.000000	-74.415858	0.803139
2873.000000	-74.416501	0.803252
2875.000000	-74.417140	0.803365
2877.000000	-74.417775	0.803477
2879.000000	-74.418406	0.803588
2881.000000	-74.419032	0.803699
2883.000000	-74.419655	0.803808
2885.000000	-74.420273	0.803916
2887.000000	-74.420887	0.804024
2889.000000	-74.421498	0.804130
2891.000000	-74.422104	0.804236
2893.000000	-74.422707	0.804341
2895.000000	-74.423305	0.804445
2897.000000	-74.423899	0.804548
2899.000000	-74.424490	0.804650
2901.000000	-74.425077	0.804752
2903.000000	-74.425660	0.804853
2905.000000	-74.426239	0.804952
2907.000000	-74.426814	0.805052
2909.000000	-74.427386	0.805150
2911.000000	-74.427953	0.805247
2913.000000	-74.428517	0.805344
2915.000000	-74.429078	0.805440
2917.000000	-74.429634	0.805535
2919.000000	-74.430188	0.805629
2921.000000	-74.430737	0.805723
2923.000000	-74.431283	0.805816
2925.000000	-74.431825	0.805908
2927.000000	-74.432364	0.806000
2929.000000	-74.432899	0.806090
2931.000000	-74.433430	0.806180
2933.000000	-74.433958	0.806270
2935.000000	-74.434483	0.806358
2937.000000	-74.435004	0.806446
2939.000000	-74.435522	0.806533
2941.000000	-74.436036	0.806620
2943.000000	-74.436547	0.806705
2945.000000	-74.437055	0.806790
2947.000000	-74.437559	0.806875
2949.000000	-74.438060	0.806959
2951.000000	-74.438558	0.807042
2953.000000	-74.439052	0.807124
2955.000000	-74.439543	0.807206
2957.000000	-74.440031	0.807287
2959.000000	-74.440515	0.807368
2961.000000	-74.440997	0.807448
2963.000000	-74.441475	0.807527
2965.000000	-74.441950	0.807606
2967.000000	-74.442422	0.807684
2969.000000	-74.442890	0.807761
2971.000000	-74.443356	0.807838
2973.000000	-74.443818	0.807915
2975.000000	-74.444278	0.807990
2977.000000	-74.444734	0.808065
2979.000000	-74.445187	0.808140
2981.000000	-74.445637	0.808214
2983.000000	-74.446085	0.808287
2985.000000	-74.446529	0.808360
2987.000000	-74.446970	0.808432
2989.000000	-74.447408	0.808504
2991.000000	-74.447844	0.808575
2993.000000	-74.448276	0.808646
2995.000000	-74.448706	0.808716
2997.000000	-74.449132	0.808786
2999.000000	-74.449556	0.808855
3001.000000	-61.943485	0.808921
3003.000000	21.005442	0.807510
3005.000000	31.298190	0.798074
3007.000000	12.745874	0.780413
3009.000000	4.572640	0.747859
3011.000000	1.514876	0.706457
3013.000000	0.220407	0.662696
3015.000000	-0.456033	0.619465
3017.000000	-0.911853	0.577897
3019.000000	-1.310434	0.538610
3021.000000	-1.725683	0.502023
3023.000000	-2.188795	0.468420
3025.000000	-2.709267	0.437962
3027.000000	-3.286370	0.410682
3029.000000	-3.915382	0.386504
3031.000000	-4.591137	0.365273
3033.000000	-5.309347	0.346785
3035.000000	-6.067267	0.330804
3037.000000	-6.863543	0.317092
3039.000000	-7.697859	0.305415
3041.000000	-8.570590	0.295551
3043.000000	-9.482173	0.287301
3045.000000	-10.432768	0.280485
3047.000000	-11.421699	0.274939
3049.000000	-12.446774	0.270561
3051.000000	-13.504898	0.267161
3053.000000	-14.589712	0.264721
3055.000000	-15.694847	0.263041
3057.000000	-16.810742	0.262075
3059.000000	-17.927150	0.261741
3061.000000	-19.033510	0.261961
3063.000000	-20.119712	0.262671
3065.000000	-21.176924	0.263810
3067.000000	-22.198290	0.265324
3069.000000	-23.179181	0.267166
3071.000000	-24.116311	0.269295
3073.000000	-25.009254	0.271674
3075.000000	-25.859071	0.274270
3077.000000	-26.668001	0.277056
3079.000000	-27.438016	0.280010
3081.000000	-28.172489	0.283110
3083.000000	-28.874780	0.286338
3085.000000	-29.548242	0.289679
3087.000000	-30.196125	0.293119
3089.000000	-30.821493	0.296646
3091.000000	-31.427187	0.300248
3093.000000	-32.015796	0.303918
3095.000000	-32.589659	0.307645
3097.000000	-33.150868	0.311424
3099.000000	-33.701235	0.315245
3101.000000	-34.242448	0.319105
3103.000000	-34.775956	0.322997
3105.000000	-35.302976	0.326916
3107.000000	-35.824587	0.330857
3109.000000	-36.341715	0.334817
3111.000000	-36.855145	0.338792
3113.000000	-37.365540	0.342779
3115.000000	-37.873453	0.346773
3117.000000	-38.379337	0.350773
3119.000000	-38.883563	0.354775
3121.000000	-39.386414	0.358777
3123.000000	-39.888106	0.362778
3125.000000	-40.388800	0.366774
3127.000000	-40.888604	0.370764
3129.000000	-41.387578	0.374746
3131.000000	-41.885743	0.378718
3133.000000	-42.383085	0.382679
3135.000000	-42.879564	0.386627
3137.000000	-43.375114	0.390561
3139.000000	-43.869649	0.394480
3141.000000	-44.363069	0.398383
3143.000000	-44.855259	0.402268
3145.000000	-45.346096	0.406134
3147.000000	-45.835449	0.409981
3149.000000	-46.323180	0.413807
3151.000000	-46.809151	0.417611
3153.000000	-47.293219	0.421394
3155.000000	-47.775242	0.425154
3157.000000	-48.255078	0.428890
3159.000000	-48.732585	0.432603
3161.000000	-49.207626	0.436291
3163.000000	-49.680062	0.439953
3165.000000	-50.149760	0.443590
3167.000000	-50.616589	0.447201
3169.000000	-51.080418	0.450786
3171.000000	-51.541122	0.454344
3173.000000	-51.998577	0.457874
3175.000000	-52.452664	0.461378
3177.000000	-52.903263	0.464853
3179.000000	-53.350258	0.468301
3181.000000	-53.793536	0.471721
3183.000000	-54.232984	0.475113
3185.000000	-54.668492	0.478477
3187.000000	-55.099951	0.481812
3189.000000	-55.527253	0.485119
3191.000000	-55.950292	0.488397
3193.000000	-56.368962	0.491647
3195.000000	-56.783159	0.494868
3197.000000	-57.192779	0.498060
3199.000000	-57.597720	0.501224
3201.000000	-57.997881	0.504359
3203.000000	-58.393160	0.507466
3205.000000	-58.783459	0.510544
3207.000000	-59.168679	0.513594
3209.000000	-59.548723	0.516616
3211.000000	-59.923498	0.519609
3213.000000	-60.292910	0.522575
3215.000000	-60.656869	0.525512
3217.000000	-61.015287	0.528422
3219.000000	-61.368079	0.531303
3221.000000	-61.715165	0.534157
3223.000000	-62.056466	0.536984
3225.000000	-62.391909	0.539784
3227.000000	-62.721425	0.542556
3229.000000	-63.044951	0.545301
3231.000000	-63.362425	0.548019
3233.000000	-63.673795	0.550711
3235.000000	-63.979015	0.553377
3237.000000	-64.278047	0.556016
3239.000000	-64.570854	0.558629
3241.000000	-64.857411	0.561216
3243.000000	-65.137696	0.563777
3245.000000	-65.411696	0.566313
3247.000000	-65.679406	0.568823
3249.000000	-65.940827	0.571309
3251.000000	-66.195967	0.573769
3253.000000	-66.444844	0.576205
3255.000000	-66.687480	0.578616
3257.000000	-66.923907	0.581003
3259.000000	-67.154162	0.583365
3261.000000	-67.378290	0.585704
3263.000000	-67.596343	0.588019
3265.000000	-67.808379	0.590310
3267.000000	-68.014462	0.592578
3269.000000	-68.214662	0.594823
3271.000000	-68.409055	0.597045
3273.000000	-68.597722	0.599245
3275.000000	-68.780749	0.601422
3277.000000	-68.958227	0.603576
3279.000000	-69.130250	0.605709
3281.000000	-69.296916	0.607819
3283.000000	-69.458327	0.609908
3285.000000	-69.614589	0.611976
3287.000000	-69.765807	0.614022
3289.000000	-69.912093	0.616047
3291.000000	-70.053557	0.618051
3293.000000	-70.190313	0.620035
3295.000000	-70.322475	0.621998
3297.000000	-70.450158	0.623940
3299.000000	-70.573477	0.625863
3301.000000	-70.692549	0.627766
3303.000000	-70.807489	0.629649
3305.000000	-70.918413	0.631513
3307.000000	-71.025435	0.633357
3309.000000	-71.128671	0.635182
3311.000000	-71.228232	0.636988
3313.000000	-71.324232	0.638776
3315.000000	-71.416780	0.640544
3317.000000	-71.505986	0.642295
3319.000000	-71.591957	0.644027
3321.000000	-71.674798	0.645742
3323.000000	-71.754613	0.647438
3325.000000	-71.831504	0.649117
3327.000000	-71.905570	0.650778
3329.000000	-71.976909	0.652422
3331.000000	-72.045615	0.654049
3333.000000	-72.111780	0.655660
3335.000000	-72.175497	0.657253
3337.000000	-72.236852	0.658830
3339.000000	-72.295930	0.660390
3341.000000	-72.352817	0.661934
3343.000000	-72.407591	0.663462
3345.000000	-72.460332	0.664974
3347.000000	-72.511116	0.666470
3349.000000	-72.560016	0.667951
3351.000000	-72.607105	0.669416
3353.000000	-72.652450	0.670867
3355.000000	-72.696119	0.672302
3357.000000	-72.738177	0.673722
3359.000000	-72.778685	0.675127
3361.000000	-72.817705	0.676517
3363.000000	-72.855294	0.677894
3365.000000	-72.891508	0.679255
3367.000000	-72.926402	0.680603
3369.000000	-72.960027	0.681937
3371.000000	-72.992435	0.683256
3373.000000	-73.023672	0.684563
3375.000000	-73.053786	0.685855
3377.000000	-73.082822	0.687134
3379.000000	-73.110822	0.688400
3381.000000	-73.137828	0.689652
3383.000000	-73.163880	0.690892
3385.000000	-73.189017	0.692119
3387.000000	-73.213274	0.693332
3389.000000	-73.236687	0.694534
3391.000000	-73.259291	0.695723
3393.000000	-73.281117	0.696899
3395.000000	-73.302197	0.698064
3397.000000	-73.322561	0.699216
3399.000000	-73.342239	0.700356
3401.000000	-73.361256	0.701485
3403.000000	-73.379641	0.702601
3405.000000	-73.397418	0.703707
3407.000000	-73.414611	0.704801
3409.000000	-73.431245	0.705883
3411.000000	-73.447341	0.706954
3413.000000	-73.462922	0.708015
3415.000000	-73.478007	0.709064
3417.000000	-73.492616	0.710102
3419.000000	-73.506769	0.711130
3421.000000	-73.520483	0.712147
3423.000000	-73.533775	0.713154
3425.000000	-73.546664	0.714150
3427.000000	-73.559163	0.715136
3429.000000	-73.571289	0.716112
3431.000000	-73.583057	0.717078
3433.000000	-73.594479	0.718033
3435.000000	-73.605571	0.718980
3437.000000	-73.616344	0.719916
3439.000000	-73.626811	0.720842
3441.000000	-73.636983	0.721760
3443.000000	-73.646873	0.722667
3445.000000	-73.656491	0.723566
3447.000000	-73.665846	0.724455
3449.000000	-73.674950	0.725335
3451.000000	-73.683812	0.726206
3453.000000	-73.692440	0.727068
3455.000000	-73.700844	0.727922
3457.000000	-73.709033	0.728767
3459.000000	-73.717013	0.729603
3461.000000	-73.724792	0.730430
3463.000000	-73.732379	0.731249
3465.000000	-73.739780	0.732060
3467.000000	-73.747002	0.732862
3469.000000	-73.754051	0.733656
3471.000000	-73.760933	0.734443
3473.000000	-73.767655	0.735221
3475.000000	-73.774223	0.735991
3477.000000	-73.780641	0.736754
3479.000000	-73.786915	0.737508
3481.000000	-73.793050	0.738255
3483.000000	-73.799051	0.738995
3485.000000	-73.804922	0.739727
3487.000000	-73.810668	0.740451
3489.000000	-73.816294	0.741169
3491.000000	-73.821802	0.741879
3493.000000	-73.827198	0.742581
3495.000000	-73.832485	0.743277
3497.000000	-73.837666	0.743966
3499.000000	-73.842745	0.744648
3501.000000	-73.847725	0.745322
3503.000000	-73.852610	0.745991
3505.000000	-73.857402	0.746652
3507.000000	-73.862105	0.747307
3509.000000	-73.866721	0.747955
3511.000000	-73.871254	0.748597
3513.000000	-73.875704	0.749232
3515.000000	-73.880076	0.749861
3517.000000	-73.884372	0.750483
3519.000000	-73.888593	0.751100
3521.000000	-73.892743	0.751710
3523.000000	-73.896822	0.752314
3525.000000	-73.900834	0.752912
3527.000000	-73.904781	0.753504
3529.000000	-73.908663	0.754090
3531.000000	-73.912483	0.754670
3533.000000	-73.916243	0.755245
3535.000000	-73.919945	0.755814
3537.000000	-73.923589	0.756377
3539.000000	-73.927179	0.756935
3541.000000	-73.930714	0.757487
3543.000000	-73.934197	0.758033
3545.000000	-73.937629	0.758575
3547.000000	-73.941011	0.759110
3549.000000	-73.944345	0.759641
3551.000000	-73.947632	0.760166
3553.000000	-73.950873	0.760686
3555.000000	-73.954069	0.761201
3557.000000	-73.957222	0.761711
3559.000000	-73.960332	0.762216
3561.000000	-73.963401	0.762716
3563.000000	-73.966430	0.763211
3565.000000	-73.969418	0.763701
3567.000000	-73.972369	0.764187
3569.000000	-73.975281	0.764667
3571.000000	-73.978157	0.765143
3573.000000	-73.980998	0.765614
3575.000000	-73.983803	0.766081
3577.000000	-73.986573	0.766543
3579.000000	-73.989311	0.767001
3581.000000	-73.992015	0.767454
3583.000000	-73.994688	0.767903
3585.000000	-73.997329	0.768347
3587.000000	-73.999939	0.768787
3589.000000	-74.002520	0.769223
3591.000000	-74.005071	0.769654
3593.000000	-74.007593	0.770082
3595.000000	-74.010087	0.770505
3597.000000	-74.012553	0.770924
3599.000000	-74.014992	0.771339
3601.000000	-74.017405	0.771750
3603.000000	-74.019792	0.772157
3605.000000	-74.022153	0.772560
3607.000000	-74.024489	0.772959
3609.000000	-74.026801	0.773355
3611.000000	-74.029088	0.773747
3613.000000	-74.031352	0.774134
3615.000000	-74.033593	0.774519
3617.000000	-74.035810	0.774899
3619.000000	-74.038006	0.775276
3621.000000	-74.040179	0.775649
3623.000000	-74.042331	0.776019
3625.000000	-74.044462	0.776385
3627.000000	-74.046571	0.776748
3629.000000	-74.048661	0.777107
3631.000000	-74.050730	0.777462
3633.000000	-74.052779	0.777815
3635.000000	-74.054809	0.778164
3637.000000	-74.056819	0.778510
3639.000000	-74.058811	0.778852
3641.000000	-74.060784	0.779191
3643.000000	-74.062739	0.779527
3645.000000	-74.064675	0.779860
3647.000000	-74.066594	0.780190
3649.000000	-74.068496	0.780516
3651.000000	-74.070381	0.780840
3653.000000	-74.072248	0.781160
3655.000000	-74.074099	0.781478
3657.000000	-74.075933	0.781792
3659.000000	-74.077752	0.782104
3661.000000	-74.079554	0.782412
3663.000000	-74.081340	0.782718
3665.000000	-74.083111	0.783021
3667.000000	-74.084867	0.783321
3669.000000	-74.086608	0.783618
3671.000000	-74.088334	0.783913
3673.000000	-74.090045	0.784204
3675.000000	-74.091742	0.784493
3677.000000	-74.093424	0.784779
3679.000000	-74.095092	0.785063
3681.000000	-74.096747	0.785344
3683.000000	-74.098387	0.785623
3685.000000	-74.100015	0.785898
3687.000000	-74.101628	0.786172
3689.000000	-74.103229	0.786442
3691.000000	-74.104816	0.786711
3693.000000	-74.106391	0.786976
3695.000000	-74.107953	0.787240
3697.000000	-74.109502	0.787501
3699.000000	-74.111039	0.787759
3701.000000	-74.112564	0.788015
3703.000000	-74.114077	0.788269
3705.000000	-74.115577	0.788521
3707.000000	-74.117066	0.788770
3709.000000	-74.118543	0.789017
3711.000000	-74.120009	0.789261
3713.000000	-74.121463	0.789504
3715.000000	-74.122906	0.789744
3717.000000	-74.124337	0.789982
3719.000000	-74.125758	0.790218
3721.000000	-74.127167	0.790452
3723.000000	-74.128566	0.790683
3725.000000	-74.129955	0.790913
3727.000000	-74.131332	0.791140
3729.000000	-74.132699	0.791366
3731.000000	-74.134056	0.791589
3733.000000	-74.135403	0.791810
3735.000000	-74.136739	0.792030
3737.000000	-74.138066	0.792247
3739.000000	-74.139382	0.792462
3741.000000	-74.140689	0.792676
3743.000000	-74.141986	0.792887
3745.000000	-74.143273	0.793097
3747.000000	-74.144551	0.793305
3749.000000	-74.145819	0.793511
3751.000000	-74.147078	0.793715
3753.000000	-74.148328	0.793917
3755.000000	-74.149569	0.794118
3757.000000	-74.150800	0.794316
3759.000000	-74.152023	0.794513
3761.000000	-74.153237	0.794709
3763.000000	-74.154442	0.794902
3765.000000	-74.155638	0.795094
3767.000000	-74.156826	0.795284
3769.000000	-74.158005	0.795472
3771.000000	-74.159175	0.795659
3773.000000	-74.160337	0.795844
3775.000000	-74.161491	0.796027
3777.000000	-74.162637	0.796209
3779.000000	-74.163774	0.796389
3781.000000	-74.164904	0.796568
3783.000000	-74.166025	0.796745
3785.000000	-74.167138	0.796921
3787.000000	-74.168244	0.797095
3789.000000	-74.169341	0.797267
3791.000000	-74.170431	0.797438
3793.000000	-74.171514	0.797608
3795.000000	-74.172588	0.797776
3797.000000	-74.173655	0.797942
3799.000000	-74.174715	0.798107
3801.000000	-74.175767	0.798271
3803.000000	-74.176812	0.798433
3805.000000	-74.177849	0.798594
3807.000000	-74.178880	0.798754
3809.000000	-74.179903	0.798912
3811.000000	-74.180919	0.799068
3813.000000	-74.181928	0.799224
3815.000000	-74.182930	0.799378
3817.000000	-74.183925	0.799531
3819.000000	-74.184913	0.799682
3821.000000	-74.185895	0.799832
3823.000000	-74.186869	0.799981
3825.000000	-74.187837	0.800128
3827.000000	-74.188798	0.800275
3829.000000	-74.189753	0.800420
3831.000000	-74.190701	0.800564
3833.000000	-74.191643	0.800706
3835.000000	-74.192578	0.800848
3837.000000	-74.193507	0.800988
3839.000000	-74.194429	0.801127
3841.000000	-74.195345	0.801265
3843.000000	-74.196255	0.801401
3845.000000	-74.197158	0.801537
3847.000000	-74.198056	0.801671
3849.000000	-74.198947	0.801804
3851.000000	-74.199833	0.801936
3853.000000	-74.200712	0.802067
3855.000000	-74.201585	0.802197
3857.000000	-74.202453	0.802326
3859.000000	-74.203314	0.802454
3861.000000	-74.204170	0.802580
3863.000000	-74.205019	0.802706
3865.000000	-74.205864	0.802831
3867.000000	-74.206702	0.802954
3869.000000	-74.207535	0.803077
3871.000000	-74.208362	0.803198
3873.000000	-74.209183	0.803318
3875.000000	-74.209999	0.803438
3877.000000	-74.210810	0.803556
3879.000000	-74.211615	0.803674
3881.000000	-74.212414	0.803790
3883.000000	-74.213208	0.803906
3885.000000	-74.213997	0.804020
3887.000000	-74.214781	0.804134
3889.000000	-74.215559	0.804247
3891.000000	-74.216332	0.804359
3893.000000	-74.217100	0.804469
3895.000000	-74.217862	0.804579
3897.000000	-74.218620	0.804688
3899.000000	-74.219372	0.804797
3901.000000	-74.220119	0.804904
3903.000000	-74.220862	0.805010
3905.000000	-74.221599	0.805116
3907.000000	-74.222331	0.805221
3909.000000	-74.223059	0.805324
3911.000000	-74.223781	0.805427
3913.000000	-74.224499	0.805529
3915.000000	-74.225212	0.805631
3917.000000	-74.225920	0.805731
3919.000000	-74.226623	0.805831
3921.000000	-74.227322	0.805930
3923.000000	-74.228016	0.806028
3925.000000	-74.228705	0.806125
3927.000000	-74.229390	0.806222
3929.000000	-74.230070	0.806317
3931.000000	-74.230745	0.806412
3933.000000	-74.231416	0.806507
3935.000000	-74.232083	0.806600
3937.000000	-74.232745	0.806693
3939.000000	-74.233402	0.806785
3941.000000	-74.234055	0.806876
3943.000000	-74.234704	0.806966
3945.000000	-74.235348	0.807056
3947.000000	-74.235988	0.807145
3949.000000	-74.236624	0.807234
3951.000000	-74.237255	0.807321
3953.000000	-74.237882	0.807408
3955.000000	-74.238505	0.807494
3957.000000	-74.239124	0.807580
3959.000000	-74.239738	0.807665
3961.000000	-74.240349	0.807749
3963.000000	-74.240955	0.807833
3965.000000	-74.241557	0.807916
3967.000000	-74.242155	0.807998
3969.000000	-74.242749	0.808080
3971.000000	-74.243339	0.808161
3973.000000	-74.243925	0.808241
3975.000000	-74.244508	0.808321
3977.000000	-74.245086	0.808400
3979.000000	-74.245660	0.808478
3981.000000	-74.246230	0.808556
3983.000000	-74.246797	0.808633
3985.000000	-74.247360	0.808710
3987.000000	-74.247918	0.808786
3989.000000	-74.248473	0.808862
3991.000000	-74.249025	0.808936
3993.000000	-74.249572	0.809011
3995.000000	-74.250116	0.809084
3997.000000	-74.250656	0.809158
3999.000000	-74.251193	0.809230
4001.000000	-61.753708	0.809300
4003.000000	19.932957	0.807977
4005.000000	30.995120	0.798862
4007.000000	12.787524	0.781924
4009.000000	4.665510	0.750724
4011.000000	1.587550	0.710479
4013.000000	0.264304	0.666988
4015.000000	-0.444129	0.622921
4017.000000	-0.936656	0.579462
4019.000000	-1.377456	0.537407
4021.000000	-1.839675	0.497450
4023.000000	-2.353675	0.460185
4025.000000	-2.927412	0.426050
4027.000000	-3.558551	0.395313
4029.000000	-4.240742	0.368052
4031.000000	-4.967373	0.344176
4033.000000	-5.732942	0.323515
4035.000000	-6.533659	0.305805
4037.000000	-7.367591	0.290731
4039.000000	-8.232616	0.278009
4041.000000	-9.130545	0.267386
4043.000000	-10.058020	0.258552
4045.000000	-11.016346	0.251341
4047.000000	-11.999943	0.245536
4049.000000	-13.010299	0.240958
4051.000000	-14.040482	0.237459
4053.000000	-15.084162	0.234907
4055.000000	-16.134160	0.233186
4057.000000	-17.181658	0.232194
4059.000000	-18.217719	0.231844
4061.000000	-19.233793	0.232056
4063.000000	-20.222334	0.232761
4065.000000	-21.177325	0.233900
4067.000000	-22.094537	0.235418
4069.000000	-22.971586	0.237269
4071.000000	-23.807687	0.239413
4073.000000	-24.603393	0.241815
4075.000000	-25.360367	0.244443
4077.000000	-26.081235	0.247271
4079.000000	-26.768189	0.250277
4081.000000	-27.425293	0.253437
4083.000000	-28.054741	0.256737
4085.000000	-28.659829	0.260159
4087.000000	-29.243190	0.263690
4089.000000	-29.808199	0.267316
4091.000000	-30.356410	0.271027
4093.000000	-30.890280	0.274813
4095.000000	-31.412129	0.278665
4097.000000	-31.923712	0.282574
4099.000000	-32.426535	0.286534
4101.000000	-32.921975	0.290538
4103.000000	-33.411280	0.294579
4105.000000	-33.895540	0.298653
4107.000000	-34.375701	0.302754
4109.000000	-34.852585	0.306878
4111.000000	-35.326898	0.311020
4113.000000	-35.799244	0.315177
4115.000000	-36.270132	0.319345
4117.000000	-36.739991	0.323521
4119.000000	-37.209172	0.327702
4121.000000	-37.677958	0.331886
4123.000000	-38.146572	0.336069
4125.000000	-38.615183	0.340250
4127.000000	-39.083908	0.344426
4129.000000	-39.552823	0.348595
4131.000000	-40.021964	0.352756
4133.000000	-40.491335	0.356907
4135.000000	-40.960907	0.361046
4137.000000	-41.430628	0.365172
4139.000000	-41.900422	0.369283
4141.000000	-42.370194	0.373378
4143.000000	-42.839835	0.377456
4145.000000	-43.309221	0.381516
4147.000000	-43.778218	0.385557
4149.000000	-44.246685	0.389577
4151.000000	-44.714474	0.393577
4153.000000	-45.181433	0.397554
4155.000000	-45.647407	0.401509
4157.000000	-46.112240	0.405440
4159.000000	-46.575776	0.409347
4161.000000	-47.037861	0.413229
4163.000000	-47.498341	0.417086
4165.000000	-47.957064	0.420917
4167.000000	-48.413883	0.424721
4169.000000	-48.868653	0.428499
4171.000000	-49.321232	0.432250
4173.000000	-49.771482	0.435973
4175.000000	-50.219270	0.439668
4177.000000	-50.664464	0.443335
4179.000000	-51.106938	0.446973
4181.000000	-51.546569	0.450583
4183.000000	-51.983236	0.454164
4185.000000	-52.416823	0.457716
4187.000000	-52.847216	0.461239
4189.000000	-53.274303	0.464732
4191.000000	-53.697977	0.468196
4193.000000	-54.118130	0.471630
4195.000000	-54.534659	0.475035
4197.000000	-54.947461	0.478410
4199.000000	-55.356436	0.481755
4201.000000	-55.761484	0.485071
4203.000000	-56.162508	0.488358
4205.000000	-56.559412	0.491614
4207.000000	-56.952100	0.494841
4209.000000	-57.340479	0.498039
4211.000000	-57.724457	0.501207
4213.000000	-58.103941	0.504346
4215.000000	-58.478842	0.507456
4217.000000	-58.849070	0.510537
4219.000000	-59.214540	0.513588
4221.000000	-59.575166	0.516611
4223.000000	-59.930863	0.519605
4225.000000	-60.281551	0.522570
4227.000000	-60.627150	0.525507
4229.000000	-60.967584	0.528416
4231.000000	-61.302780	0.531296
4233.000000	-61.632666	0.534149
4235.000000	-61.957176	0.536974
4237.000000	-62.276247	0.539771
4239.000000	-62.589820	0.542541
4241.000000	-62.897840	0.545283
4243.000000	-63.200257	0.547999
4245.000000	-63.497026	0.550687
4247.000000	-63.788107	0.553349
4249.000000	-64.073467	0.555985
4251.000000	-64.353076	0.558594
4253.000000	-64.626911	0.561177
4255.000000	-64.894957	0.563735
4257.000000	-65.157202	0.566266
4259.000000	-65.413642	0.568773
4261.000000	-65.664279	0.571254
4263.000000	-65.909122	0.573710
4265.000000	-66.148186	0.576141
4267.000000	-66.381491	0.578548
4269.000000	-66.609064	0.580930
4271.000000	-66.830939	0.583288
4273.000000	-67.047154	0.585622
4275.000000	-67.257756	0.587933
4277.000000	-67.462793	0.590220
4279.000000	-67.662322	0.592483
4281.000000	-67.856404	0.594724
4283.000000	-68.045105	0.596941
4285.000000	-68.228496	0.599136
4287.000000	-68.406651	0.601308
4289.000000	-68.579649	0.603458
4291.000000	-68.747572	0.605586
4293.000000	-68.910507	0.607693
4295.000000	-69.068543	0.609777
4297.000000	-69.221771	0.611840
4299.000000	-69.370285	0.613882
4301.000000	-69.514183	0.615903
4303.000000	-69.653562	0.617903
4305.000000	-69.788521	0.619882
4307.000000	-69.919163	0.621841
4309.000000	-70.045588	0.623780
4311.000000	-70.167900	0.625699
4313.000000	-70.286200	0.627598
4315.000000	-70.400594	0.629477
4317.000000	-70.511183	0.631337
4319.000000	-70.618070	0.633177
4321.000000	-70.721358	0.634999
4323.000000	-70.821149	0.636802
4325.000000	-70.917542	0.638586
4327.000000	-71.010639	0.640351
4329.000000	-71.100537	0.642098
4331.000000	-71.187335	0.643828
4333.000000	-71.271127	0.645539
4335.000000	-71.352008	0.647232
4337.000000	-71.430071	0.648908
4339.000000	-71.505406	0.650567
4341.000000	-71.578104	0.652208
4343.000000	-71.648251	0.653832
4345.000000	-71.715932	0.655440
4347.000000	-71.781232	0.657031
4349.000000	-71.844231	0.658605
4351.000000	-71.905009	0.660163
4353.000000	-71.963643	0.661705
4355.000000	-72.020208	0.663231
4357.000000	-72.074779	0.664741
4359.000000	-72.127426	0.666235
4361.000000	-72.178217	0.667714
4363.000000	-72.227221	0.669178
4365.000000	-72.274503	0.670626
4367.000000	-72.320124	0.672059
4369.000000	-72.364148	0.673478
4371.000000	-72.406632	0.674882
4373.000000	-72.447634	0.676271
4375.000000	-72.487209	0.677646
4377.000000	-72.525411	0.679007
4379.000000	-72.562292	0.680353
4381.000000	-72.597901	0.681686
4383.000000	-72.632287	0.683005
4385.000000	-72.665496	0.684310
4387.000000	-72.697572	0.685602
4389.000000	-72.728561	0.686880
4391.000000	-72.758502	0.688145
4393.000000	-72.787436	0.689397
4395.000000	-72.815402	0.690636
4397.000000	-72.842437	0.691863
4399.000000	-72.868577	0.693076
4401.000000	-72.893856	0.694277
4403.000000	-72.918308	0.695466
4405.000000	-72.941964	0.696643
4407.000000	-72.964856	0.697807
4409.000000	-72.987012	0.698959
4411.000000	-73.008462	0.700100
4413.000000	-73.029232	0.701229
4415.000000	-73.049349	0.702346
4417.000000	-73.068837	0.703451
4419.000000	-73.087722	0.704546
4421.000000	-73.106026	0.705629
4423.000000	-73.123772	0.706701
4425.000000	-73.140981	0.707762
4427.000000	-73.157674	0.708812
4429.000000	-73.173870	0.709851
4431.000000	-73.189588	0.710880
4433.000000	-73.204847	0.711898
4435.000000	-73.219665	0.712905
4437.000000	-73.234057	0.713903
4439.000000	-73.248040	0.714890
4441.000000	-73.261630	0.715867
4443.000000	-73.274841	0.716834
4445.000000	-73.287687	0.717791
4447.000000	-73.300183	0.718738
4449.000000	-73.312341	0.719676
4451.000000	-73.324174	0.720604
4453.000000	-73.335693	0.721523
4455.000000	-73.346911	0.722432
4457.000000	-73.357839	0.723333
4459.000000	-73.368486	0.724224
4461.000000	-73.378864	0.725105
4463.000000	-73.388983	0.725978
4465.000000	-73.398850	0.726842
4467.000000	-73.408477	0.727698
4469.000000	-73.417870	0.728544
4471.000000	-73.427039	0.729382
4473.000000	-73.435992	0.730212
4475.000000	-73.444736	0.731033
4477.000000	-73.453278	0.731846
4479.000000	-73.461626	0.732651
4481.000000	-73.469786	0.733447
4483.000000	-73.477764	0.734236
4485.000000	-73.485568	0.735016
4487.000000	-73.493203	0.735789
4489.000000	-73.500674	0.736554
4491.000000	-73.507987	0.737311
4493.000000	-73.515148	0.738061
4495.000000	-73.522162	0.738803
4497.000000	-73.529032	0.739537
4499.000000	-73.535765	0.740265
4501.000000	-73.542365	0.740985
4503.000000	-73.548835	0.741697
4505.000000	-73.555180	0.742403
4507.000000	-73.561405	0.743101
4509.000000	-73.567512	0.743793
4511.000000	-73.573506	0.744478
4513.000000	-73.579389	0.745155
4515.000000	-73.585167	0.745826
4517.000000	-73.590841	0.746491
4519.000000	-73.596414	0.747148
4521.000000	-73.601891	0.747800
4523.000000	-73.607273	0.748444
4525.000000	-73.612564	0.749083
4527.000000	-73.617766	0.749715
4529.000000	-73.622882	0.750340
4531.000000	-73.627915	0.750960
4533.000000	-73.632866	0.751573
4535.000000	-73.637738	0.752180
4537.000000	-73.642533	0.752782
4539.000000	-73.647254	0.753377
4541.000000	-73.651902	0.753966
4543.000000	-73.656479	0.754550
4545.000000	-73.660988	0.755128
4547.000000	-73.665430	0.755700
4549.000000	-73.669807	0.756267
4551.000000	-73.674120	0.756828
4553.000000	-73.678372	0.757383
4555.000000	-73.682563	0.757933
4557.000000	-73.686696	0.758478
4559.000000	-73.690772	0.759017
4561.000000	-73.694792	0.759551
4563.000000	-73.698758	0.760080
4565.000000	-73.702671	0.760604
4567.000000	-73.706532	0.761122
4569.000000	-73.710342	0.761636
4571.000000	-73.714104	0.762144
4573.000000	-73.717817	0.762648
4575.000000	-73.721483	0.763146
4577.000000	-73.725103	0.763640
4579.000000	-73.728678	0.764129
4581.000000	-73.732209	0.764613
4583.000000	-73.735697	0.765093
4585.000000	-73.739144	0.765568
4587.000000	-73.742549	0.766038
4589.000000	-73.745914	0.766504
4591.000000	-73.749239	0.766965
4593.000000	-73.752526	0.767422
4595.000000	-73.755776	0.767874
4597.000000	-73.758988	0.768322
4599.000000	-73.762164	0.768766
4601.000000	-73.765305	0.769205
4603.000000	-73.768411	0.769640
4605.000000	-73.771483	0.770071
4607.000000	-73.774521	0.770498
4609.000000	-73.777526	0.770921
4611.000000	-73.780500	0.771340
4613.000000	-73.783442	0.771755
4615.000000	-73.786352	0.772165
4617.000000	-73.789233	0.772572
4619.000000	-73.792083	0.772975
4621.000000	-73.794904	0.773374
4623.000000	-73.797697	0.773770
4625.000000	-73.800461	0.774161
4627.000000	-73.803197	0.774549
4629.000000	-73.805906	0.774933
4631.000000	-73.808588	0.775314
4633.000000	-73.811244	0.775691
4635.000000	-73.813873	0.776064
4637.000000	-73.816477	0.776434
4639.000000	-73.819056	0.776801
4641.000000	-73.821610	0.777163
4643.000000	-73.824140	0.777523
4645.000000	-73.826646	0.777879
4647.000000	-73.829129	0.778232
4649.000000	-73.831588	0.778581
4651.000000	-73.834024	0.778927
4653.000000	-73.836438	0.779270
4655.000000	-73.838829	0.779610
4657.000000	-73.841199	0.779947
4659.000000	-73.843547	0.780280
4661.000000	-73.845874	0.780610
4663.000000	-73.848180	0.780937
4665.000000	-73.850466	0.781261
4667.000000	-73.852731	0.781583
4669.000000	-73.854976	0.781901
4671.000000	-73.857202	0.782216
4673.000000	-73.859408	0.782528
4675.000000	-73.861594	0.782837
4677.000000	-73.863762	0.783144
4679.000000	-73.865911	0.783447
4681.000000	-73.868042	0.783748
4683.000000	-73.870154	0.784046
4685.000000	-73.872249	0.784342
4687.000000	-73.874325	0.784634
4689.000000	-73.876385	0.784924
4691.000000	-73.878427	0.785211
4693.000000	-73.880451	0.785496
4695.000000	-73.882459	0.785778
4697.000000	-73.884451	0.786057
4699.000000	-73.886425	0.786334
4701.000000	-73.888384	0.786608
4703.000000	-73.890327	0.786880
4705.000000	-73.892253	0.787149
4707.000000	-73.894164	0.787416
4709.000000	-73.896060	0.787681
4711.000000	-73.897940	0.787943
4713.000000	-73.899805	0.788202
4715.000000	-73.901655	0.788459
4717.000000	-73.903491	0.788714
4719.000000	-73.905311	0.788967
4721.000000	-73.907118	0.789217
4723.000000	-73.908910	0.789465
4725.000000	-73.910687	0.789711
4727.000000	-73.912451	0.789955
4729.000000	-73.914201	0.790196
4731.000000	-73.915938	0.790435
4733.000000	-73.917661	0.790672
4735.000000	-73.919370	0.790907
4737.000000	-73.921066	0.791140
4739.000000	-73.922749	0.791371
4741.000000	-73.924419	0.791599
4743.000000	-73.926077	0.791826
4745.000000	-73.927721	0.792051
4747.000000	-73.929353	0.792273
4749.000000	-73.930973	0.792494
4751.000000	-73.932580	0.792712
4753.000000	-73.934175	0.792929
4755.000000	-73.935758	0.793144
4757.000000	-73.937329	0.793357
4759.000000	-73.938889	0.793568
4761.000000	-73.940436	0.793777
4763.000000	-73.941972	0.793984
4765.000000	-73.943496	0.794189
4767.000000	-73.945009	0.794393
4769.000000	-73.946511	0.794595
4771.000000	-73.948002	0.794795
4773.000000	-73.949481	0.794993
4775.000000	-73.950950	0.795190
4777.000000	-73.952408	0.795384
4779.000000	-73.953855	0.795577
4781.000000	-73.955291	0.795769
4783.000000	-73.956717	0.795958
4785.000000	-73.958133	0.796147
4787.000000	-73.959538	0.796333
4789.000000	-73.960932	0.796518
4791.000000	-73.962317	0.796701
4793.000000	-73.963691	0.796882
4795.000000	-73.965056	0.797062
4797.000000	-73.966411	0.797241
4799.000000	-73.967756	0.797418
4801.000000	-73.969091	0.797593
4803.000000	-73.970416	0.797767
4805.000000	-73.971732	0.797939
4807.000000	-73.973038	0.798110
4809.000000	-73.974336	0.798279
4811.000000	-73.975623	0.798447
4813.000000	-73.976902	0.798614
4815.000000	-73.978171	0.798779
4817.000000	-73.979431	0.798942
4819.000000	-73.980683	0.799104
4821.000000	-73.981925	0.799265
4823.000000	-73.983159	0.799424
4825.000000	-73.984383	0.799582
4827.000000	-73.985600	0.799739
4829.000000	-73.986807	0.799894
4831.000000	-73.988006	0.800048
4833.000000	-73.989196	0.800201
4835.000000	-73.990378	0.800353
4837.000000	-73.991552	0.800503
4839.000000	-73.992717	0.800652
4841.000000	-73.993874	0.800799
4843.000000	-73.995024	0.800945
4845.000000	-73.996164	0.801091
4847.000000	-73.997297	0.801234
4849.000000	-73.998422	0.801377
4851.000000	-73.999539	0.801518
4853.000000	-74.000649	0.801659
4855.000000	-74.001750	0.801798
4857.000000	-74.002844	0.801936
4859.000000	-74.003930	0.802072
4861.000000	-74.005009	0.802208
4863.000000	-74.006080	0.802342
4865.000000	-74.007143	0.802476
4867.000000	-74.008199	0.802608
4869.000000	-74.009248	0.802739
4871.000000	-74.010290	0.802869
4873.000000	-74.011324	0.802998
4875.000000	-74.012351	0.803126
4877.000000	-74.013371	0.803253
4879.000000	-74.014384	0.803378
4881.000000	-74.015390	0.803503
4883.000000	-74.016389	0.803627
4885.000000	-74.017381	0.803749
4887.000000	-74.018366	0.803871
4889.000000	-74.019344	0.803992
4891.000000	-74.020316	0.804111
4893.000000	-74.021280	0.804230
4895.000000	-74.022239	0.804347
4897.000000	-74.023190	0.804464
4899.000000	-74.024135	0.804580
4901.000000	-74.025073	0.804695
4903.000000	-74.026005	0.804808
4905.000000	-74.026931	0.804921
4907.000000	-74.027850	0.805033
4909.000000	-74.028763	0.805144
4911.000000	-74.029670	0.805254
4913.000000	-74.030570	0.805364
4915.000000	-74.031464	0.805472
4917.000000	-74.032352	0.805579
4919.000000	-74.033234	0.805686
4921.000000	-74.034110	0.805792
4923.000000	-74.034979	0.805897
4925.000000	-74.035843	0.806001
4927.000000	-74.036701	0.806104
4929.000000	-74.037553	0.806206
4931.000000	-74.038399	0.806308
4933.000000	-74.039239	0.806408
4935.000000	-74.040074	0.806508
4937.000000	-74.040903	0.806607
4939.000000	-74.041726	0.806706
4941.000000	-74.042543	0.806803
4943.000000	-74.043355	0.806900
4945.000000	-74.044161	0.806996
4947.000000	-74.044962	0.807091
4949.000000	-74.045757	0.807185
4951.000000	-74.046547	0.807279
4953.000000	-74.047331	0.807372
4955.000000	-74.048110	0.807464
4957.000000	-74.048884	0.807555
4959.000000	-74.049652	0.807646
4961.000000	-74.050415	0.807736
4963.000000	-74.051173	0.807825
4965.000000	-74.051926	0.807914
4967.000000	-74.052673	0.808002
4969.000000	-74.053415	0.808089
4971.000000	-74.054153	0.808175
4973.000000	-74.054885	0.808261
4975.000000	-74.055612	0.808346
4977.000000	-74.056334	0.808431
4979.000000	-74.057051	0.808514
4981.000000	-74.057763	0.808597
4983.000000	-74.058471	0.808680
4985.000000	-74.059173	0.808762
4987.000000	-74.059871	0.808843
4989.000000	-74.060563	0.808923
4991.000000	-74.061251	0.809003
4993.000000	-74.061935	0.809083
4995.000000	-74.062613	0.809161
4997.000000	-74.063287	0.809239
4999.000000	-74.063957	0.809317
5001.000000	-61.558172	0.809391
5003.000000	18.887031	0.808141
5005.000000	30.688916	0.799276
5007.000000	12.821866	0.782909
5009.000000	4.752394	0.752788
5011.000000	1.655329	0.713429
5013.000000	0.303604	0.669991
5015.000000	-0.437156	0.624867
5017.000000	-0.968124	0.579199
5019.000000	-1.454635	0.533911
5021.000000	-1.970013	0.489970
5023.000000	-2.543477	0.448341
5025.000000	-3.181167	0.409857
5027.000000	-3.878261	0.375111
5029.000000	-4.625837	0.344398
5031.000000	-5.414828	0.317733
5033.000000	-6.237770	0.294923
5035.000000	-7.089309	0.275642
5037.000000	-7.965918	0.259509
5039.000000	-8.865482	0.246127
5041.000000	-9.786373	0.235129
5043.000000	-10.727259	0.226175
5045.000000	-11.686185	0.218969
5047.000000	-12.659162	0.213275
5049.000000	-13.644549	0.208879
5051.000000	-14.633877	0.205626
5053.000000	-15.623033	0.203324
5055.000000	-16.604883	0.201837
5057.000000	-17.571108	0.201079
5059.000000	-18.515644	0.200947
5061.000000	-19.432191	0.201366
5063.000000	-20.316318	0.202263
5065.000000	-21.164837	0.203579
5067.000000	-21.976006	0.205262
5069.000000	-22.749451	0.207268
5071.000000	-23.485931	0.209559
5073.000000	-24.187067	0.212102
5075.000000	-24.855080	0.214868
5077.000000	-25.492555	0.217831
5079.000000	-26.102253	0.220971
5081.000000	-26.686967	0.224266
5083.000000	-27.249421	0.227701
5085.000000	-27.792201	0.231261
5087.000000	-28.317721	0.234930
5089.000000	-28.828195	0.238698
5091.000000	-29.325641	0.242553
5093.000000	-29.811877	0.246486
5095.000000	-30.288535	0.250488
5097.000000	-30.757069	0.254550
5099.000000	-31.218788	0.258665
5101.000000	-31.674869	0.262827
5103.000000	-32.126234	0.267029
5105.000000	-32.573804	0.271265
5107.000000	-33.018380	0.275531
5109.000000	-33.460648	0.279822
5111.000000	-33.901205	0.284133
5113.000000	-34.340570	0.288460
5115.000000	-34.779186	0.292800
5117.000000	-35.217437	0.297150
5119.000000	-35.655641	0.301506
5121.000000	-36.094066	0.305865
5123.000000	-36.532929	0.310225
5125.000000	-36.972402	0.314583
5127.000000	-37.412615	0.318937
5129.000000	-37.853662	0.323285
5131.000000	-38.295602	0.327625
5133.000000	-38.738462	0.331955
5135.000000	-39.182240	0.336273
5137.000000	-39.626912	0.340579
5139.000000	-40.072428	0.344870
5141.000000	-40.518718	0.349145
5143.000000	-40.965696	0.353403
5145.000000	-41.413259	0.357642
5147.000000	-41.861292	0.361863
5149.000000	-42.309667	0.366063
5151.000000	-42.758248	0.370242
5153.000000	-43.206892	0.374398
5155.000000	-43.655449	0.378532
5157.000000	-44.103764	0.382642
5159.000000	-44.551683	0.386727
5161.000000	-44.999045	0.390788
5163.000000	-45.445693	0.394823
5165.000000	-45.891468	0.398831
5167.000000	-46.336214	0.402813
5169.000000	-46.779776	0.406768
5171.000000	-47.222000	0.410695
5173.000000	-47.662739	0.414594
5175.000000	-48.101846	0.418464
5177.000000	-48.539179	0.422306
5179.000000	-48.974599	0.426119
5181.000000	-49.407973	0.429903
5183.000000	-49.839169	0.433657
5185.000000	-50.268061	0.437381
5187.000000	-50.694527	0.441075
5189.000000	-51.118447	0.444739
5191.000000	-51.539706	0.448374
5193.000000	-51.958192	0.451977
5195.000000	-52.373796	0.455551
5197.000000	-52.786412	0.459094
5199.000000	-53.195938	0.462606
5201.000000	-53.602273	0.466088
5203.000000	-54.005319	0.469540
5205.000000	-54.404980	0.472961
5207.000000	-54.801162	0.476351
5209.000000	-55.193774	0.479711
5211.000000	-55.582724	0.483041
5213.000000	-55.967925	0.486340
5215.000000	-56.349289	0.489609
5217.000000	-56.726730	0.492848
5219.000000	-57.100163	0.496057
5221.000000	-57.469505	0.499236
5223.000000	-57.834675	0.502385
5225.000000	-58.195590	0.505504
5227.000000	-58.552173	0.508594
5229.000000	-58.904345	0.511654
5231.000000	-59.252029	0.514685
5233.000000	-59.595152	0.517688
5235.000000	-59.933640	0.520661
5237.000000	-60.267423	0.523605
5239.000000	-60.596433	0.526521
5241.000000	-60.920603	0.529409
5243.000000	-61.239871	0.532268
5245.000000	-61.554176	0.535099
5247.000000	-61.863460	0.537903
5249.000000	-62.167671	0.540679
5251.000000	-62.466758	0.543427
5253.000000	-62.760675	0.546149
5255.000000	-63.049380	0.548843
5257.000000	-63.332835	0.551510
5259.000000	-63.611007	0.554151
5261.000000	-63.883869	0.556766
5263.000000	-64.151395	0.559354
5265.000000	-64.413569	0.561917
5267.000000	-64.670377	0.564454
5269.000000	-64.921810	0.566965
5271.000000	-65.167867	0.569451
5273.000000	-65.408550	0.571912
5275.000000	-65.643867	0.574348
5277.000000	-65.873833	0.576760
5279.000000	-66.098465	0.579147
5281.000000	-66.317790	0.581510
5283.000000	-66.531836	0.583849
5285.000000	-66.740637	0.586164
5287.000000	-66.944235	0.588455
5289.000000	-67.142672	0.590724
5291.000000	-67.336000	0.592969
5293.000000	-67.524270	0.595191
5295.000000	-67.707542	0.597391
5297.000000	-67.885876	0.599568
5299.000000	-68.059340	0.601723
5301.000000	-68.228002	0.603855
5303.000000	-68.391934	0.605966
5305.000000	-68.551213	0.608056
5307.000000	-68.705917	0.610124
5309.000000	-68.856126	0.612170
5311.000000	-69.001925	0.614196
5313.000000	-69.143398	0.616201
5315.000000	-69.280631	0.618185
5317.000000	-69.413714	0.620149
5319.000000	-69.542736	0.622093
5321.000000	-69.667788	0.624017
5323.000000	-69.788960	0.625921
5325.000000	-69.906345	0.627805
5327.000000	-70.020035	0.629670
5329.000000	-70.130122	0.631516
5331.000000	-70.236698	0.633343
5333.000000	-70.339856	0.635151
5335.000000	-70.439687	0.636941
5337.000000	-70.536281	0.638712
5339.000000	-70.629729	0.640464
5341.000000	-70.720120	0.642199
5343.000000	-70.807542	0.643916
5345.000000	-70.892083	0.645615
5347.000000	-70.973828	0.647296
5349.000000	-71.052862	0.648961
5351.000000	-71.129269	0.650608
5353.000000	-71.203129	0.652238
5355.000000	-71.274524	0.653851
5357.000000	-71.343531	0.655448
5359.000000	-71.410227	0.657028
5361.000000	-71.474689	0.658592
5363.000000	-71.536989	0.660140
5365.000000	-71.597199	0.661672
5367.000000	-71.655389	0.663188
5369.000000	-71.711627	0.664688
5371.000000	-71.765981	0.666174
5373.000000	-71.818513	0.667643
5375.000000	-71.869289	0.669098
5377.000000	-71.918368	0.670538
5379.000000	-71.965809	0.671962
5381.000000	-72.011671	0.673373
5383.000000	-72.056010	0.674768
5385.000000	-72.098879	0.676150
5387.000000	-72.140332	0.677517
5389.000000	-72.180418	0.678870
5391.000000	-72.219188	0.680209
5393.000000	-72.256689	0.681535
5395.000000	-72.292966	0.682847
5397.000000	-72.328065	0.684145
5399.000000	-72.362029	0.685430
5401.000000	-72.394899	0.686702
5403.000000	-72.426715	0.687961
5405.000000	-72.457515	0.689207
5407.000000	-72.487339	0.690440
5409.000000	-72.516221	0.691660
5411.000000	-72.544196	0.692869
5413.000000	-72.571298	0.694064
5415.000000	-72.597559	0.695248
5417.000000	-72.623011	0.696419
5419.000000	-72.647683	0.697579
5421.000000	-72.671605	0.698726
5423.000000	-72.694803	0.699862
5425.000000	-72.717305	0.700986
5427.000000	-72.739136	0.702099
5429.000000	-72.760322	0.703201
5431.000000	-72.780887	0.704291
5433.000000	-72.800853	0.705370
5435.000000	-72.820242	0.706438
5437.000000	-72.839076	0.707496
5439.000000	-72.857376	0.708542
5441.000000	-72.875160	0.709578
5443.000000	-72.892448	0.710604
5445.000000	-72.909258	0.711619
5447.000000	-72.925608	0.712623
5449.000000	-72.941514	0.713618
5451.000000	-72.956992	0.714602
5453.000000	-72.972059	0.715577
5455.000000	-72.986728	0.716542
5457.000000	-73.001014	0.717496
5459.000000	-73.014932	0.718442
5461.000000	-73.028493	0.719377
5463.000000	-73.041712	0.720304
5465.000000	-73.054599	0.721221
5467.000000	-73.067168	0.722128
5469.000000	-73.079428	0.723027
5471.000000	-73.091392	0.723916
5473.000000	-73.103069	0.724797
5475.000000	-73.114470	0.725668
5477.000000	-73.125603	0.726531
5479.000000	-73.136479	0.727386
5481.000000	-73.147106	0.728231
5483.000000	-73.157492	0.729069
5485.000000	-73.167646	0.729897
5487.000000	-73.177576	0.730718
5489.000000	-73.187289	0.731530
5491.000000	-73.196793	0.732334
5493.000000	-73.206094	0.733131
5495.000000	-73.215199	0.733919
5497.000000	-73.224115	0.734699
5499.000000	-73.232848	0.735472
5501.000000	-73.241404	0.736237
5503.000000	-73.249788	0.736994
5505.000000	-73.258006	0.737744
5507.000000	-73.266063	0.738486
5509.000000	-73.273965	0.739221
5511.000000	-73.281716	0.739948
5513.000000	-73.289321	0.740669
5515.000000	-73.296784	0.741382
5517.000000	-73.304111	0.742088
5519.000000	-73.311304	0.742787
5521.000000	-73.318369	0.743480
5523.000000	-73.325308	0.744165
5525.000000	-73.332126	0.744844
5527.000000	-73.338826	0.745516
5529.000000	-73.345412	0.746181
5531.000000	-73.351887	0.746840
5533.000000	-73.358255	0.747492
5535.000000	-73.364517	0.748138
5537.000000	-73.370678	0.748778
5539.000000	-73.376740	0.749411
5541.000000	-73.382706	0.750038
5543.000000	-73.388578	0.750659
5545.000000	-73.394360	0.751274
5547.000000	-73.400053	0.751883
5549.000000	-73.405660	0.752486
5551.000000	-73.411183	0.753083
5553.000000	-73.416624	0.753674
5555.000000	-73.421987	0.754259
5557.000000	-73.427271	0.754839
5559.000000	-73.432480	0.755413
5561.000000	-73.437616	0.755982
5563.000000	-73.442680	0.756545
5565.000000	-73.447674	0.757102
5567.000000	-73.452600	0.757654
5569.000000	-73.457459	0.758201
5571.000000	-73.462254	0.758742
5573.000000	-73.466985	0.759279
5575.000000	-73.471654	0.759810
5577.000000	-73.476262	0.760336
5579.000000	-73.480812	0.760856
5581.000000	-73.485304	0.761372
5583.000000	-73.489739	0.761883
5585.000000	-73.494119	0.762389
5587.000000	-73.498445	0.762890
5589.000000	-73.502719	0.763386
5591.000000	-73.506941	0.763878
5593.000000	-73.511112	0.764364
5595.000000	-73.515234	0.764846
5597.000000	-73.519307	0.765324
5599.000000	-73.523333	0.765797
5601.000000	-73.527312	0.766265
5603.000000	-73.531246	0.766729
5605.000000	-73.535136	0.767189
5607.000000	-73.538981	0.767644
5609.000000	-73.542784	0.768095
5611.000000	-73.546545	0.768541
5613.000000	-73.550264	0.768983
5615.000000	-73.553943	0.769421
5617.000000	-73.557582	0.769855
5619.000000	-73.561182	0.770285
5621.000000	-73.564744	0.770711
5623.000000	-73.568269	0.771132
5625.000000	-73.571756	0.771550
5627.000000	-73.575208	0.771964
5629.000000	-73.578624	0.772374
5631.000000	-73.582004	0.772780
5633.000000	-73.585351	0.773182
5635.000000	-73.588663	0.773580
5637.000000	-73.591943	0.773975
5639.000000	-73.595189	0.774366
5641.000000	-73.598404	0.774753
5643.000000	-73.601587	0.775137
5645.000000	-73.604738	0.775517
5647.000000	-73.607860	0.775893
5649.000000	-73.610951	0.776266
5651.000000	-73.614012	0.776636
5653.000000	-73.617044	0.777002
5655.000000	-73.620048	0.777364
5657.000000	-73.623023	0.777724
5659.000000	-73.625970	0.778080
5661.000000	-73.628890	0.778432
5663.000000	-73.631782	0.778782
5665.000000	-73.634648	0.779128
5667.000000	-73.637488	0.779471
5669.000000	-73.640302	0.779810
5671.000000	-73.643090	0.780147
5673.000000	-73.645853	0.780480
5675.000000	-73.648591	0.780811
5677.000000	-73.651305	0.781138
5679.000000	-73.653995	0.781463
5681.000000	-73.656660	0.781784
5683.000000	-73.659303	0.782102
5685.000000	-73.661922	0.782418
5687.000000	-73.664518	0.782730
5689.000000	-73.667091	0.783040
5691.000000	-73.669642	0.783347
5693.000000	-73.672172	0.783651
5695.000000	-73.674679	0.783952
5697.000000	-73.677165	0.784251
5699.000000	-73.679630	0.784547
5701.000000	-73.682074	0.784840
5703.000000	-73.684497	0.785130
5705.000000	-73.686899	0.785418
5707.000000	-73.689282	0.785703
5709.000000	-73.691645	0.785986
5711.000000	-73.693988	0.786266
5713.000000	-73.696311	0.786544
5715.000000	-73.698615	0.786819
5717.000000	-73.700900	0.787091
5719.000000	-73.703167	0.787361
5721.000000	-73.705415	0.787629
5723.000000	-73.707644	0.787894
5725.000000	-73.709855	0.788157
5727.000000	-73.712049	0.788417
5729.000000	-73.714224	0.788676
5731.000000	-73.716383	0.788931
5733.000000	-73.718523	0.789185
5735.000000	-73.720647	0.789436
5737.000000	-73.722753	0.789685
5739.000000	-73.724843	0.789932
5741.000000	-73.726916	0.790177
5743.000000	-73.728973	0.790419
5745.000000	-73.731013	0.790659
5747.000000	-73.733038	0.790897
5749.000000	-73.735046	0.791133
5751.000000	-73.737039	0.791367
5753.000000	-73.739016	0.791599
5755.000000	-73.740977	0.791829
5757.000000	-73.742924	0.792056
5759.000000	-73.744855	0.792282
5761.000000	-73.746771	0.792506
5763.000000	-73.748673	0.792728
5765.000000	-73.750559	0.792947
5767.000000	-73.752432	0.793165
5769.000000	-73.754289	0.793381
5771.000000	-73.756133	0.793595
5773.000000	-73.757962	0.793807
5775.000000	-73.759778	0.794018
5777.000000	-73.761579	0.794226
5779.000000	-73.763367	0.794433
5781.000000	-73.765142	0.794638
5783.000000	-73.766903	0.794841
5785.000000	-73.768650	0.795042
5787.000000	-73.770385	0.795241
5789.000000	-73.772106	0.795439
5791.000000	-73.773815	0.795635
5793.000000	-73.775510	0.795829
5795.000000	-73.777193	0.796022
5797.000000	-73.778863	0.796213
5799.000000	-73.780521	0.796402
5801.000000	-73.782167	0.796590
5803.000000	-73.783800	0.796776
5805.000000	-73.785421	0.796961
5807.000000	-73.787030	0.797143
5809.000000	-73.788627	0.797325
5811.000000	-73.790212	0.797504
5813.000000	-73.791786	0.797683
5815.000000	-73.793348	0.797859
5817.000000	-73.794898	0.798034
5819.000000	-73.796437	0.798208
5821.000000	-73.797965	0.798380
5823.000000	-73.799482	0.798551
5825.000000	-73.800987	0.798720
5827.000000	-73.802482	0.798888
5829.000000	-73.803965	0.799054
5831.000000	-73.805438	0.799219
5833.000000	-73.806900	0.799382
5835.000000	-73.808351	0.799545
5837.000000	-73.809792	0.799705
5839.000000	-73.811222	0.799865
5841.000000	-73.812642	0.800023
5843.000000	-73.814052	0.800179
5845.000000	-73.815451	0.800335
5847.000000	-73.816841	0.800489
5849.000000	-73.818220	0.800642
5851.000000	-73.819589	0.800793
5853.000000	-73.820949	0.800943
5855.000000	-73.822299	0.801092
5857.000000	-73.823639	0.801240
5859.000000	-73.824969	0.801386
5861.000000	-73.826290	0.801531
5863.000000	-73.827601	0.801675
5865.000000	-73.828903	0.801818
5867.000000	-73.830196	0.801960
5869.000000	-73.831479	0.802100
5871.000000	-73.832753	0.802239
5873.000000	-73.834018	0.802377
5875.000000	-73.835274	0.802514
5877.000000	-73.836521	0.802650
5879.000000	-73.837760	0.802784
5881.000000	-73.838989	0.802918
5883.000000	-73.840210	0.803050
5885.000000	-73.841422	0.803182
5887.000000	-73.842625	0.803312
5889.000000	-73.843820	0.803441
5891.000000	-73.845006	0.803569
5893.000000	-73.846184	0.803696
5895.000000	-73.847354	0.803822
5897.000000	-73.848515	0.803947
5899.000000	-73.849668	0.804071
5901.000000	-73.850813	0.804194
5903.000000	-73.851950	0.804316
5905.000000	-73.853079	0.804436
5907.000000	-73.854200	0.804556
5909.000000	-73.855313	0.804675
5911.000000	-73.856418	0.804793
5913.000000	-73.857515	0.804910
5915.000000	-73.858604	0.805026
5917.000000	-73.859686	0.805141
5919.000000	-73.860761	0.805255
5921.000000	-73.861827	0.805368
5923.000000	-73.862887	0.805481
5925.000000	-73.863938	0.805592
5927.000000	-73.864983	0.805702
5929.000000	-73.866020	0.805812
5931.000000	-73.867049	0.805921
5933.000000	-73.868072	0.806028
5935.000000	-73.869087	0.806135
5937.000000	-73.870095	0.806241
5939.000000	-73.871097	0.806347
5941.000000	-73.872091	0.806451
5943.000000	-73.873078	0.806554
5945.000000	-73.874058	0.806657
5947.000000	-73.875031	0.806759
5949.000000	-73.875998	0.806860
5951.000000	-73.876958	0.806960
5953.000000	-73.877911	0.807060
5955.000000	-73.878857	0.807158
5957.000000	-73.879797	0.807256
5959.000000	-73.880730	0.807353
5961.000000	-73.881657	0.807449
5963.000000	-73.882577	0.807545
5965.000000	-73.883491	0.807639
5967.000000	-73.884398	0.807733
5969.000000	-73.885299	0.807827
5971.000000	-73.886194	0.807919
5973.000000	-73.887082	0.808011
5975.000000	-73.887965	0.808102
5977.000000	-73.888841	0.808192
5979.000000	-73.889711	0.808282
5981.000000	-73.890574	0.808371
5983.000000	-73.891432	0.808459
5985.000000	-73.892284	0.808546
5987.000000	-73.893130	0.808633
5989.000000	-73.893970	0.808719
5991.000000	-73.894804	0.808805
5993.000000	-73.895632	0.808889
5995.000000	-73.896455	0.808974
5997.000000	-73.897272	0.809057
5999.000000	-73.898083	0.809140
