-0.0059971
-0.0073629
-0.0085877
-0.0096721
-0.010617
-0.011423
-0.01209
-0.012621
-0.013017
-0.013279
-0.013409
-0.01341
-0.013284
-0.013035
-0.012667
-0.012184
-0.011591
-0.010894
-0.010099
-0.0092116
-0.0082394
-0.0071896
-0.0060698
-0.0048878
-0.0036515
-0.0023692
-0.0010488
0.00030162
0.0016742
0.0030613
0.0044557
0.0058504
0.007239
0.0086153
0.0099739
0.01131
0.012619
0.013897
0.015141
0.016349
0.017519
0.018649
0.019739
0.02079
0.021801
0.022775
0.023714
0.024621
0.025499
0.026352
0.027187
0.028008
0.028823
0.029641
0.030469
0.031319
0.032201
0.033128
0.034114
0.035175
0.036328
0.037592
0.038988
0.040538
0.042267
0.044201
0.046369
0.0488
0.051527
0.054584
0.058006
0.06183
0.066094
0.070835
0.076093
0.081906
0.088314
0.095352
0.10306
0.11146
0.12059
0.13049
0.14116
0.15263
0.16492
0.17802
0.19195
0.2067
0.22226
0.2386
0.25572
0.27356
0.2921
0.3113
0.33109
0.35142
0.37223
0.39346
0.41502
0.43685
0.45886
0.48099
0.50314
0.52524
0.54722
0.56898
0.59046
0.61158
0.63228
0.6525
0.67218
0.69125
0.70969
0.72745
0.74449
0.76079
0.77632
0.79108
0.80506
0.81825
0.83066
0.8423
0.85318
0.86332
0.87274
0.88147
0.88954
0.89697
0.9038
0.91007
0.9158
0.92103
0.92579
0.93012
0.93405
0.93761
0.94084
0.94375
0.94637
0.94873
0.95086
0.95276
0.95446
0.95598
0.95733
0.95851
0.95955
0.96045
0.96121
0.96185
0.96236
0.96276
0.96304
0.96321
0.96327
0.96322
0.96306
0.96279
0.96242
0.96195
0.96137
0.96069
0.95991
0.95905
0.95809
0.95705
0.95593
0.95473
0.95348
0.95217
0.95081
0.94941
0.94799
0.94656
0.94512
0.94369
0.94228
0.9409
0.93957
0.93829
0.93708
0.93595
0.93491
0.93397
0.93313
0.93241
0.9318
0.93133
0.93097
0.93075
0.93066
0.93071
0.93088
0.93118
0.9316
0.93214
0.93279
0.93354
0.93439
0.93533
0.93635
0.93744
0.93859
0.93979
0.94102
0.94229
0.94357
0.94486
0.94615
0.94743
0.94868
0.94991
0.9511
0.95224
0.95333
0.95435
0.9553
0.95618
0.95698
0.95769
0.95831
0.95883
0.95925
0.95958
0.9598
0.95991
0.95992
0.95982
0.95963
0.95933
0.95893
0.95844
0.95787
0.95721
0.95648
0.95568
0.95482
0.95392
0.95299
0.95203
0.95105
0.95008
0.94913
0.9482
0.94732
0.9465
0.94574
0.94508
0.94451
0.94406
0.94373
0.94354
0.94351
0.94363
0.94393
0.94442
0.94509
0.94596
0.94705
0.94834
0.94985
0.95159
0.95355
0.95574
0.95816
0.96081
0.96369
0.9668
0.97014
0.9737
0.97749
0.98149
0.98571
0.99014
0.99476
0.99958
1.0046
1.0098
1.0151
1.0206
1.0263
1.032
1.0379
1.0439
1.05
1.0561
1.0623
1.0685
1.0748
1.081
1.0873
1.0934
1.0996
1.1056
1.1116
1.1175
1.1232
1.1288
1.1342
1.1395
1.1445
1.1494
1.1541
1.1585
1.1627
1.1667
1.1704
1.1739
1.1771
1.18
1.1827
1.1851
1.1873
1.1892
1.1908
1.1922
1.1933
1.1942
1.1948
1.1951
1.1952
1.1951
1.1947
1.1941
1.1933
1.1923
1.191
1.1895
1.1879
1.186
1.1839
1.1816
1.1792
1.1765
1.1737
1.1707
1.1675
1.1641
1.1605
1.1568
1.1529
1.1489
1.1446
1.1402
1.1357
1.1309
1.1261
1.121
1.1158
1.1104
1.1049
1.0993
1.0935
1.0876
1.0816
1.0754
1.0691
1.0628
1.0563
1.0498
1.0432
1.0365
1.0298
1.0231
1.0163
1.0096
1.0028
0.99604
0.98931
0.9826
0.97595
0.96935
0.96281
0.95635
0.94997
0.94369
0.9375
0.93143
0.92547
0.91963
0.91392
0.90834
0.90291
0.89761
0.89247
0.88747
0.88263
0.87794
0.87341
0.86904
0.86481
0.86074
0.85682
0.85305
0.84942
0.84593
0.84256
0.83932
0.8362
0.83318
0.83025
0.82741
0.82465
0.82196
0.81932
0.81672
0.81415
0.81161
0.80908
0.80654
0.804
0.80144
0.79886
0.79624
0.79358
0.79088
0.78813
0.78532
0.78246
0.77955
0.77658
0.77355
0.77047
0.76733
0.76415
0.76093
0.75767
0.75438
0.75106
0.74773
0.74438
0.74103
0.73769
0.73435
0.73104
0.72774
0.72449
0.72126
0.71808
0.71495
0.71187
0.70884
0.70587
0.70295
0.70009
0.69729
0.69453
0.69183
0.68917
0.68655
0.68397
0.68141
0.67887
0.67634
0.67382
0.67129
0.66874
0.66617
0.66356
0.66091
0.65821
0.65544
0.6526
0.64969
0.64669
0.64359
0.6404
0.6371
0.6337
0.63019
0.62656
0.62282
0.61897
0.61501
0.61094
0.60676
0.60249
0.59812
0.59367
0.58914
0.58454
0.57988
0.57518
0.57044
0.56568
0.5609
0.55613
0.55138
0.54665
0.54196
0.53732
0.53275
0.52825
0.52384
0.51952
0.5153
0.51119
0.5072
0.50333
0.49959
0.49597
0.49248
0.48913
0.4859
0.48281
0.47984
0.477
0.47429
0.47169
0.46921
0.46685
0.46459
0.46244
0.46039
0.45844
0.45658
0.45481
0.45313
0.45153
0.45002
0.44858
0.44722
0.44593
0.44471
0.44357
0.44249
0.44148
0.44053
0.43964
0.43881
0.43803
0.43731
0.43664
0.43602
0.43544
0.4349
0.43439
0.43392
0.43348
0.43306
0.43267
0.43229
0.43192
0.43156
0.43121
0.43086
0.43051
0.43016
0.4298
0.42943
0.42905
0.42866
0.42825
0.42782
0.42738
0.42691
0.42643
0.42592
0.42539
0.42483
0.42425
0.42364
0.42301
0.42235
0.42167
0.42095
0.42021
0.41944
0.41864
0.41781
0.41695
0.41607
0.41516
0.41422
0.41325
0.41226
0.41124
0.41019
0.40912
0.40803
0.40691
0.40578
0.40462
0.40344
0.40224
0.40103
0.39979
0.39854
0.39727
0.39598
0.39467
0.39335
0.392
0.39064
0.38926
0.38786
0.38644
0.38499
0.38353
0.38204
0.38053
0.379
0.37745
0.37587
0.37427
0.37265
0.371
0.36934
0.36765
0.36594
0.36422
0.36247
0.36071
0.35893
0.35714
0.35534
0.35352
0.3517
0.34987
0.34803
0.34618
0.34433
0.34248
0.34063
0.33879
0.33694
0.3351
0.33327
0.33145
0.32963
0.32784
0.32606
0.32429
0.32255
0.32084
0.31915
0.31749
0.31586
0.31427
0.31272
0.31121
0.30974
0.30831
0.30693
0.3056
0.30432
0.30309
0.30191
0.30078
0.2997
0.29867
0.29768
0.29674
0.29584
0.29498
0.29415
0.29335
0.29258
0.29184
0.29111
0.29039
0.28969
0.28899
0.28829
0.28759
0.28687
0.28615
0.28542
0.28467
0.28391
0.28312
0.28232
0.28149
0.28065
0.27979
0.27892
0.27803
0.27714
0.27623
0.27532
0.27441
0.27351
0.27261
0.27172
0.27085
0.27
0.26917
0.26837
0.2676
0.26687
0.26617
0.26551
0.26489
0.26431
0.26378
0.26329
0.26285
0.26245
0.2621
0.26179
0.26152
0.2613
0.26112
0.26098
0.26088
0.26081
0.26078
0.26079
0.26082
0.26089
0.26099
0.26112
0.26127
0.26146
0.26167
0.2619
0.26216
0.26245
0.26276
0.2631
0.26346
0.26384
0.26425
0.26469
0.26515
0.26564
0.26615
0.26668
0.26725
0.26783
0.26844
0.26908
0.26973
0.27041
0.27111
0.27182
0.27255
0.2733
0.27405
0.27482
0.27559
0.27636
0.27714
0.27792
0.27869
0.27945
0.2802
0.28095
0.28167
0.28239
0.28308
0.28376
0.28441
0.28505
0.28567
0.28627
0.28685
0.28741
0.28795
0.28848
0.28899
0.2895
0.28999
0.29047
0.29094
0.29141
0.29188
0.29234
0.2928
0.29326
0.29371
0.29416
0.29462
0.29506
0.29551
0.29594
0.29637
0.29679
0.2972
0.29759
0.29796
0.29831
0.29863
0.29893
0.2992
0.29944
0.29963
0.2998
0.29991
0.29999
0.30002
0.30001
0.29994
0.29983
0.29966
0.29944
0.29917
0.29885
0.29847
0.29803
0.29754
0.29699
0.29638
0.29571
0.29499
0.29421
0.29337
0.29248
0.29152
0.29051
0.28945
0.28833
0.28715
0.28592
0.28465
0.28332
0.28195
0.28054
0.27908
0.27759
0.27607
0.27452
0.27295
0.27136
0.26975
0.26813
0.26651
0.26489
0.26328
0.26167
0.26008
0.25852
0.25697
0.25546
0.25398
0.25254
0.25114
0.24979
0.24849
0.24724
0.24605
0.24492
0.24384
0.24283
0.24188
0.241
0.24019
0.23944
0.23876
0.23815
0.2376
0.23712
0.23671
0.23636
0.23608
0.23586
0.23569
0.23559
0.23554
0.23555
0.23561
0.23572
0.23588
0.23609
0.23634
0.23663
0.23697
0.23733
0.23774
0.23818
0.23864
0.23914
0.23966
0.24021
0.24077
0.24135
0.24195
0.24256
0.24317
0.24379
0.24442
0.24503
0.24564
0.24624
0.24682
0.24738
0.24791
0.2484
0.24886
0.24927
0.24963
0.24994
0.25018
0.25035
0.25045
0.25047
0.2504
0.25024
0.24999
0.24964
0.24919
0.24864
0.24798
0.24722
0.24635
0.24538
0.2443
0.24313
0.24186
0.2405
0.23905
0.23752
0.23591
0.23424
0.23251
0.23073
0.22891
0.22705
0.22517
0.22327
0.22137
0.21946
0.21756
0.21568
0.21381
0.21198
0.21017
0.20841
0.20668
0.205
0.20337
0.20178
0.20024
0.19876
0.19732
0.19594
0.1946
0.19332
0.19208
0.19089
0.18975
0.18865
0.1876
0.18659
0.18563
0.18471
0.18383
0.18299
0.1822
0.18145
0.18075
0.18009
0.17947
0.1789
0.17838
0.1779
0.17748
0.1771
0.17678
0.1765
0.17628
0.1761
0.17598
0.17592
0.1759
0.17594
0.17602
0.17616
0.17635
0.17659
0.17687
0.17721
0.17759
0.17802
0.1785
0.17902
0.17958
0.18019
0.18084
0.18153
0.18226
0.18303
0.18383
0.18467
0.18554
0.18644
0.18736
0.18832
0.1893
0.19029
0.19131
0.19234
0.19338
0.19443
0.19548
0.19653
0.19758
0.19862
0.19965
0.20066
0.20166
0.20263
0.20358
0.2045
0.20539
0.20624
0.20706
0.20783
0.20856
0.20924
0.20988
0.21046
0.21099
0.21147
0.2119
0.21227
0.21258
0.21284
0.21305
0.21319
0.21328
0.21332
0.2133
0.21322
0.21309
0.21292
0.21269
0.21242
0.2121
0.21173
0.21133
0.21088
0.2104
0.20989
0.20934
0.20877
0.20816
0.20753
0.20688
0.2062
0.20551
0.20479
0.20406
0.20331
0.20254
0.20176
0.20096
0.20015
0.19932
0.19847
0.19761
0.19673
0.19583
0.19492
0.19399
0.19304
0.19208
0.19111
0.19012
0.18911
0.1881
0.18708
0.18606
0.18503
0.184
0.18298
0.18196
0.18096
0.17998
0.17901
0.17807
0.17716
0.17628
0.17544
0.17463
0.17387
0.17316
0.17249
0.17187
0.17131
0.17079
0.17033
0.16992
0.16956
0.16926
0.169
0.16879
0.16863
0.16851
0.16844
0.1684
0.16841
0.16844
0.16851
0.16861
0.16873
0.16888
0.16905
0.16924
0.16944
0.16966
0.16989
0.17013
0.17037
0.17062
0.17087
0.17112
0.17137
0.17162
0.17186
0.17209
0.17232
0.17254
0.17274
0.17293
0.17311
0.17328
0.17344
0.17358
0.17371
0.17383
0.17393
0.17403
0.17412
0.1742
0.17428
0.17436
0.17443
0.17451
0.17459
0.17468
0.17477
0.17488
0.175
0.17513
0.17527
0.17544
0.17562
0.17581
0.17603
0.17626
0.17651
0.17677
0.17705
0.17733
0.17763
0.17794
0.17826
0.17858
0.1789
0.17922
0.17954
0.17985
0.18016
0.18045
0.18074
0.18101
0.18126
0.1815
0.18173
0.18193
0.18211
0.18228
0.18242
0.18254
0.18264
0.18273
0.18279
0.18283
0.18285
0.18285
0.18283
0.1828
0.18274
0.18266
0.18257
0.18246
0.18232
0.18217
0.18199
0.18179
0.18157
0.18133
0.18106
0.18076
0.18043
0.18007
0.17968
0.17926
0.17879
0.1783
0.17776
0.17718
0.17656
0.17589
0.17518
0.17443
0.17363
0.17279
0.1719
0.17096
0.16998
0.16896
0.1679
0.1668
0.16566
0.16448
0.16328
0.16204
0.16078
0.1595
0.15819
0.15687
0.15554
0.1542
0.15285
0.15149
0.15014
0.14879
0.14745
0.14612
0.14479
0.14349
0.1422
0.14093
0.13969
0.13846
0.13727
0.13611
0.13498
0.13388
0.13282
0.1318
0.13082
0.12989
0.129
0.12816
0.12737
0.12664
0.12596
0.12534
0.12477
0.12427
0.12383
0.12344
0.12312
0.12286
0.12267
0.12253
0.12245
0.12242
0.12245
0.12254
0.12267
0.12284
0.12306
0.12332
0.12361
0.12393
0.12429
0.12466
0.12506
0.12547
0.1259
0.12634
0.1268
0.12726
0.12773
0.12821
0.12869
0.12918
0.12968
0.13018
0.1307
0.13122
0.13175
0.13229
0.13284
0.13341
0.13399
0.13459
0.1352
0.13582
0.13646
0.13711
0.13778
0.13846
0.13914
0.13984
0.14054
0.14125
0.14196
0.14267
0.14338
0.14408
0.14477
0.14545
0.14612
0.14677
0.1474
0.14801
0.1486
0.14917
0.1497
0.15022
0.1507
0.15115
0.15157
0.15196
0.15232
0.15264
0.15293
0.15319
0.1534
0.15358
0.15372
0.15382
0.15387
0.15388
0.15383
0.15374
0.15359
0.15337
0.1531
0.15275
0.15233
0.15184
0.15126
0.15059
0.14983
0.14897
0.148
0.14693
0.14575
0.14446
0.14305
0.14151
0.13986
0.13809
0.1362
0.13418
0.13206
0.12982
0.12747
0.12502
0.12248
0.11985
0.11714
0.11437
0.11154
0.10867
0.10577
0.10284
0.099917
0.096998
0.094099
0.091235
0.088418
0.085661
0.082977
0.080376
0.077869
0.075466
0.073177
0.071008
0.068966
0.067059
0.065289
0.063661
0.062177
0.06084
0.059649
0.058604
0.057705
0.056949
0.056334
0.055857
0.055515
0.055303
0.055218
0.055254
0.055409
0.055676
0.056051
0.056529
0.057107
0.057778
0.058539
0.059385
0.060312
0.061315
0.06239
0.063533
0.06474
0.066005
0.067325
0.068694
0.070108
0.071562
0.07305
0.074567
0.076106
0.077662
0.079228
0.080797
0.082361
0.083914
0.085448
0.086955
0.088427
0.089856
0.091236
0.092557
0.093814
0.094998
0.096104
0.097125
0.098057
0.098895
0.099635
0.10027
0.10081
0.10124
0.10157
0.1018
0.10193
0.10196
0.1019
0.10175
0.10151
0.1012
0.10082
0.10037
0.09987
0.099319
0.098727
0.0981
0.097447
0.096773
0.096083
0.095385
0.094682
0.093978
0.093277
0.09258
0.091889
0.091206
0.090529
0.089858
0.089191
0.088527
0.087863
0.087196
0.086524
0.085844
0.085152
0.084445
0.083723
0.082981
0.08222
0.081437
0.080632
0.079807
0.07896
0.078095
0.077214
0.076319
0.075414
0.074502
0.073589
0.072679
0.071776
0.070885
0.070012
0.069161
0.068336
0.067541
0.06678
0.066056
0.065372
0.064728
0.064127
0.063567
0.06305
0.062574
0.062137
0.061738
0.061373
0.061039
0.060735
0.060455
0.060196
0.059956
0.059731
0.059519
0.059316
0.059121
0.058933
0.058751
0.058575
0.058405
0.058243
0.058091
0.057952
0.057829
0.057726
0.057648
0.057598
0.057583
0.057607
0.057677
0.057797
0.057974
0.058211
0.058515
0.05889
0.05934
0.059869
0.060481
0.061177
0.061962
0.062835
0.063799
0.064853
0.065999
0.067235
0.06856
0.069973
0.071472
0.073055
0.074718
0.076459
0.078275
0.080161
0.082115
0.08413
0.086204
0.088331
0.090507
0.092726
0.094983
0.097274
0.099591
0.10193
0.10428
0.10665
0.10901
0.11137
0.11373
0.11606
0.11837
0.12065
0.12289
0.12508
0.12722
0.1293
0.13131
0.13325
0.1351
0.13685
0.13851
0.14006
0.14149
0.1428
0.14398
0.14502
0.14592
0.14667
0.14726
0.14768
0.14794
0.14803
0.14794
0.14767
0.14722
0.14659
0.14578
0.14479
0.14362
0.14227
0.14075
0.13907
0.13724
0.13525
0.13312
0.13087
0.12849
0.12601
0.12343
0.12077
0.11804
0.11526
0.11243
0.10957
0.1067
0.10382
0.10094
0.098085
0.095254
0.092457
0.089705
0.087002
0.084356
0.081772
0.079255
0.076808
0.074434
0.072135
0.069915
0.067773
0.065713
0.063735
0.06184
0.060029
0.058303
0.056664
0.055113
0.05365
0.052277
0.050997
0.049808
0.048714
0.047715
0.046812
0.046005
0.045295
0.044681
0.044163
0.043739
0.043408
0.043169
0.043017
0.042951
0.042966
0.043058
0.043225
0.043459
0.043758
0.044116
0.044529
0.044991
0.045497
0.046043
0.046624
0.047236
0.047876
0.048538
0.049221
0.04992
0.050634
0.051358
0.052091
0.052831
0.053576
0.054323
0.055071
0.055818
0.056562
0.057302
0.058034
0.058758
0.05947
0.060169
0.060852
0.061517
0.062161
0.06278
0.063373
0.063935
0.064465
0.064959
0.065414
0.065827
0.066195
0.066516
0.066787
0.067006
0.06717
0.067277
0.067327
0.067317
0.067247
0.067116
0.066925
0.066672
0.066359
0.065987
0.065556
0.06507
0.064529
0.063937
0.063296
0.06261
0.061883
0.061119
0.060321
0.059496
0.058648
0.057782
0.056904
0.056019
0.055133
0.054252
0.053383
0.05253
0.0517
0.050899
0.050133
0.049406
0.048725
0.048094
0.047518
0.047001
0.046549
0.046163
0.045848
0.045607
0.045442
0.045355
0.045347
0.045419
0.045572
0.045805
0.046118
0.046509
0.046978
0.047521
0.048135
0.048817
0.049564
0.05037
0.051231
0.052142
0.053095
0.054086
0.055108
0.056153
0.057214
0.058285
0.059357
0.060423
0.061475
0.062506
0.063508
0.064474
0.065398
0.066272
0.06709
0.067847
0.068537
0.069155
0.069697
0.070159
0.070537
0.070829
0.071032
0.071144
0.071163
0.071089
0.070919
0.070654
0.070293
0.069836
0.069283
0.068634
0.067889
0.067049
0.066114
0.065087
0.063967
0.062756
0.061457
0.060071
0.058601
0.05705
0.055422
0.053722
0.051955
0.050126
0.048242
0.046311
0.044339
0.042336
0.040312
0.038276
0.036238
0.03421
0.032202
0.030226
0.028292
0.026413
0.024598
0.022857
0.021202
0.019639
0.018178
0.016825
0.015586
0.014466
0.013468
0.012593
0.011843
0.011217
0.010713
0.010327
0.010054
0.0098905
0.0098282
0.0098601
0.009978
0.010173
0.010436
0.010757
0.011126
0.011535
0.011972
0.012429
0.012896
0.013366
0.013829
0.014278
0.014706
0.015107
0.015476
0.015807
0.016095
0.016339
0.016533
0.016676
0.016766
0.016802
0.016781
0.016704
0.01657
0.016378
0.016129
0.015823
0.01546
0.01504
0.014566
0.014036
0.013453
0.012818
0.012131
0.011395
0.010612
0.0097848
0.0089151
0.0080066
0.0070629
0.006088
0.0050865
0.0040635
0.0030245
0.0019756
0.00092321
-0.00012577
-0.0011641
-0.0021842
-0.0031782
-0.0041383
-0.0050564
-0.0059244
-0.0067345
-0.007479
-0.0081504
-0.0087416
-0.0092462
-0.0096579
-0.0099714
-0.010182
-0.010285
-0.010277
-0.010155
-0.0099179
-0.0095633
-0.0090908
-0.0085
-0.0077915
-0.0069661
-0.0060251
-0.0049704
-0.0038039
-0.002528
-0.0011453
0.00034137
0.0019292
0.0036152
0.0053963
0.0072692
0.0092307
0.011277
0.013406
0.015612
0.017893
0.020243
0.022659
0.025136
0.027669
0.030252
0.032879
0.035545
0.038242
0.040963
0.043701
0.046448
0.049196
0.051936
0.05466
0.05736
0.060026
0.062651
0.065226
0.067744
0.070198
0.07258
0.074886
0.077109
0.079246
0.081294
0.083251
0.085115
0.086886
0.088567
0.090159
0.091667
0.093095
0.094449
0.095738
0.096968
0.098151
0.099297
0.10042
0.10153
0.10264
0.10378
0.10495
0.10618
0.10748
0.10889
0.11041
0.11209
0.11394
0.11599
0.11828
0.12083
0.12369
0.12688
0.13045
0.13444
0.13887
0.14381
0.14927
0.15531
0.16196
0.16926
0.17724
0.18594
0.19539
0.20561
0.21661
0.22842
0.24104
0.25447
0.2687
0.28372
0.29951
0.31603
0.33325
0.35113
0.3696
0.38861
0.40809
0.42798
0.44819
0.46864
0.48926
0.50995
0.53065
0.55125
0.57169
0.59188
0.61175
0.63124
0.65027
0.6688
0.68677
0.70415
0.72089
0.73698
0.75239
0.76711
0.78113
0.79446
0.80711
0.81909
0.83041
0.84109
0.85117
0.86067
0.86962
0.87804
0.88597
0.89344
0.90047
0.9071
0.91336
0.91926
0.92483
0.9301
0.93508
0.93979
0.94424
0.94846
0.95246
0.95623
0.9598
0.96317
0.96635
0.96935
0.97216
0.9748
0.97727
0.97958
0.98172
0.98371
0.98554
0.98722
0.98876
0.99015
0.9914
0.99251
0.99349
0.99434
0.99506
0.99566
0.99614
0.99649
0.99674
0.99687
0.99689
0.9968
0.9966
0.99631
0.99591
0.99542
0.99483
0.99415
0.99338
0.99253
0.9916
0.99059
0.98951
0.98837
0.98716
0.9859
0.9846
0.98325
0.98187
0.98046
0.97904
0.97761
0.97618
0.97477
0.97337
0.972
0.97066
0.96937
0.96814
0.96697
0.96588
0.96486
0.96393
0.96309
0.96235
0.96171
0.96118
0.96075
0.96044
0.96024
0.96015
0.96018
0.96031
0.96056
0.96092
0.96138
0.96194
0.96259
0.96334
0.96418
0.9651
0.9661
0.96718
0.96832
0.96953
0.9708
0.97212
0.9735
0.97492
0.97638
0.97788
0.97941
0.98097
0.98255
0.98415
0.98577
0.98739
0.98902
0.99065
0.99228
0.99389
0.99549
0.99707
0.99863
1.0002
1.0017
1.0031
1.0045
1.0059
1.0073
1.0086
1.0098
1.011
1.0122
1.0133
1.0144
1.0155
1.0165
1.0175
1.0185
1.0195
1.0204
1.0214
1.0223
1.0233
1.0243
1.0253
1.0263
1.0274
1.0285
1.0296
1.0308
1.032
1.0333
1.0346
1.0359
1.0373
1.0387
1.0402
1.0417
1.0432
1.0448
1.0463
1.0479
1.0494
1.051
1.0525
1.054
1.0555
1.0569
1.0583
1.0597
1.061
1.0622
1.0634
1.0645
1.0656
1.0665
1.0674
1.0683
1.0691
1.0698
1.0704
1.071
1.0715
1.0719
1.0723
1.0726
1.0729
1.0731
1.0733
1.0734
1.0735
1.0735
1.0735
1.0734
1.0733
1.0732
1.073
1.0727
1.0724
1.0721
1.0717
1.0713
1.0708
1.0703
1.0697
1.0691
1.0684
1.0676
1.0668
1.0659
1.065
1.064
1.0629
1.0618
1.0606
1.0593
1.058
1.0566
1.0551
1.0535
1.0518
1.0501
1.0482
1.0463
1.0443
1.0422
1.04
1.0377
1.0353
1.0328
1.0302
1.0275
1.0246
1.0217
1.0186
1.0155
1.0122
1.0088
1.0053
1.0017
0.99799
0.99418
0.99027
0.98627
0.98218
0.97802
0.97378
0.96949
0.96514
0.96075
0.95633
0.95188
0.94743
0.94298
0.93854
0.93413
0.92975
0.92543
0.92116
0.91698
0.91287
0.90886
0.90496
0.90117
0.89751
0.89397
0.89057
0.88731
0.88419
0.88122
0.8784
0.87573
0.8732
0.87081
0.86856
0.86645
0.86447
0.86261
0.86086
0.85922
0.85767
0.85621
0.85483
0.85351
0.85225
0.85104
0.84985
0.84869
0.84754
0.84639
0.84522
0.84404
0.84282
0.84155
0.84023
0.83885
0.83738
0.83583
0.83419
0.83243
0.83056
0.82857
0.82643
0.82416
0.82173
0.81914
0.81638
0.81345
0.81034
0.80705
0.80357
0.7999
0.79604
0.792
0.78777
0.78335
0.77876
0.774
0.76907
0.76399
0.75876
0.7534
0.74792
0.74234
0.73666
0.73091
0.7251
0.71925
0.71337
0.70748
0.7016
0.69575
0.68993
0.68417
0.67847
0.67286
0.66735
0.66195
0.65667
0.65152
0.64651
0.64165
0.63695
0.63241
0.62804
0.62385
0.61984
0.616
0.61236
0.6089
0.60562
0.60254
0.59964
0.59694
0.59442
0.59208
0.58993
0.58796
0.58617
0.58456
0.58312
0.58184
0.58074
0.57979
0.579
0.57835
0.57786
0.5775
0.57728
0.57719
0.57721
0.57735
0.5776
0.57795
0.57839
0.57891
0.5795
0.58016
0.58088
0.58164
0.58244
0.58325
0.58408
0.58492
0.58574
0.58654
0.5873
0.58802
0.58867
0.58926
0.58976
0.59017
0.59048
0.59067
0.59073
0.59066
0.59044
0.59008
0.58956
0.58887
0.58802
0.58701
0.58582
0.58446
0.58294
0.58125
0.5794
0.5774
0.57525
0.57296
0.57055
0.56802
0.56539
0.56267
0.55988
0.55703
0.55413
0.55121
0.54828
0.54536
0.54245
0.53958
0.53676
0.534
0.53132
0.52872
0.52622
0.52382
0.52154
0.51936
0.5173
0.51535
0.51352
0.5118
0.51019
0.50867
0.50725
0.50591
0.50465
0.50344
0.50228
0.50115
0.50005
0.49895
0.49784
0.49671
0.49554
0.49431
0.49303
0.49166
0.4902
0.48864
0.48697
0.48518
0.48326
0.48121
0.47903
0.4767
0.47424
0.47164
0.4689
0.46604
0.46305
0.45995
0.45674
0.45343
0.45004
0.44658
0.44307
0.43952
0.43594
0.43235
0.42877
0.42521
0.42169
0.41823
0.41483
0.41152
0.4083
0.40518
0.40219
0.39932
0.39659
0.394
0.39155
0.38926
0.38712
0.38514
0.38331
0.38164
0.38013
0.37876
0.37754
0.37647
0.37553
0.37474
0.37407
0.37352
0.3731
0.37278
0.37258
0.37247
0.37247
0.37255
0.37271
0.37295
0.37327
0.37365
0.3741
0.3746
0.37515
0.37575
0.37638
0.37706
0.37776
0.37848
0.37922
0.37998
0.38074
0.38151
0.38227
0.38303
0.38377
0.3845
0.3852
0.38588
0.38653
0.38715
0.38773
0.38827
0.38877
0.38922
0.38963
0.38999
0.39031
0.39057
0.39079
0.39096
0.39108
0.39116
0.39119
0.39117
0.39112
0.39102
0.39089
0.39072
0.39051
0.39028
0.39001
0.38971
0.38938
0.38903
0.38866
0.38825
0.38783
0.38738
0.38691
0.38642
0.3859
0.38537
0.38481
0.38422
0.38362
0.38299
0.38234
0.38167
0.38097
0.38026
0.37952
0.37876
0.37799
0.3772
0.3764
0.37559
0.37477
0.37395
0.37312
0.3723
0.37149
0.37068
0.36988
0.36911
0.36835
0.36761
0.36689
0.3662
0.36554
0.3649
0.36429
0.3637
0.36313
0.36259
0.36207
0.36156
0.36106
0.36057
0.36008
0.35959
0.35909
0.35857
0.35804
0.35749
0.3569
0.35628
0.35563
0.35493
0.35419
0.3534
0.35257
0.35168
0.35073
0.34973
0.34868
0.34758
0.34642
0.34521
0.34395
0.34264
0.34128
0.33988
0.33844
0.33697
0.33545
0.33391
0.33234
0.33074
0.32913
0.3275
0.32586
0.32421
0.32255
0.3209
0.31925
0.31762
0.316
0.3144
0.31282
0.31127
0.30975
0.30827
0.30684
0.30544
0.3041
0.3028
0.30156
0.30037
0.29925
0.29818
0.29717
0.29622
0.29532
0.29449
0.29371
0.29299
0.29233
0.29171
0.29115
0.29063
0.29015
0.28972
0.28932
0.28896
0.28862
0.28831
0.28803
0.28777
0.28752
0.28729
0.28707
0.28686
0.28665
0.28645
0.28626
0.28606
0.28586
0.28565
0.28545
0.28523
0.28502
0.28479
0.28456
0.28432
0.28408
0.28383
0.28358
0.28333
0.28307
0.28281
0.28256
0.28231
0.28206
0.28183
0.2816
0.28139
0.2812
0.28102
0.28087
0.28074
0.28064
0.28057
0.28053
0.28052
0.28055
0.28062
0.28073
0.28088
0.28107
0.2813
0.28158
0.2819
0.28227
0.28268
0.28313
0.28362
0.28415
0.28473
0.28534
0.28598
0.28666
0.28737
0.28811
0.28888
0.28966
0.29047
0.2913
0.29213
0.29298
0.29384
0.29469
0.29555
0.2964
0.29724
0.29807
0.29889
0.29968
0.30046
0.3012
0.30192
0.30261
0.30326
0.30387
0.30444
0.30497
0.30546
0.30589
0.30628
0.30662
0.30691
0.30715
0.30734
0.30747
0.30755
0.30758
0.30756
0.30749
0.30738
0.30721
0.307
0.30674
0.30644
0.3061
0.30571
0.30529
0.30484
0.30435
0.30383
0.30328
0.3027
0.30209
0.30146
0.30081
0.30013
0.29943
0.29872
0.29798
0.29722
0.29645
0.29566
0.29486
0.29403
0.2932
0.29234
0.29148
0.29059
0.2897
0.28879
0.28787
0.28693
0.28598
0.28502
0.28405
0.28307
0.28208
0.28109
0.28008
0.27907
0.27806
0.27704
0.27602
0.275
0.27398
0.27297
0.27195
0.27095
0.26995
0.26896
0.26798
0.26701
0.26605
0.26511
0.26418
0.26327
0.26238
0.26151
0.26065
0.25982
0.25901
0.25822
0.25746
0.25672
0.25601
0.25532
0.25465
0.25402
0.25341
0.25282
0.25227
0.25174
0.25124
0.25076
0.25031
0.24989
0.24949
0.24912
0.24877
0.24845
0.24815
0.24787
0.24762
0.24739
0.24718
0.24699
0.24682
0.24668
0.24655
0.24644
0.24636
0.24629
0.24624
0.24621
0.2462
0.24621
0.24624
0.24629
0.24635
0.24644
0.24654
0.24666
0.2468
0.24696
0.24713
0.24732
0.24752
0.24774
0.24797
0.24821
0.24846
0.24872
0.24899
0.24926
0.24954
0.24982
0.2501
0.25038
0.25067
0.25095
0.25123
0.25151
0.25178
0.25205
0.25231
0.25258
0.25283
0.25309
0.25334
0.25358
0.25383
0.25407
0.25431
0.25454
0.25478
0.25501
0.25525
0.25548
0.25571
0.25594
0.25617
0.2564
0.25663
0.25685
0.25708
0.25729
0.25751
0.25772
0.25792
0.25812
0.25831
0.25849
0.25866
0.25882
0.25898
0.25912
0.25926
0.25938
0.2595
0.25961
0.25971
0.2598
0.25989
0.25997
0.26004
0.26011
0.26018
0.26024
0.2603
0.26036
0.26042
0.26048
0.26054
0.26061
0.26067
0.26074
0.26081
0.26088
0.26096
0.26103
0.26112
0.2612
0.26128
0.26137
0.26146
0.26155
0.26164
0.26173
0.26181
0.2619
0.26199
0.26207
0.26215
0.26223
0.2623
0.26237
0.26243
0.26249
0.26253
0.26257
0.2626
0.26262
0.26262
0.26262
0.2626
0.26257
0.26252
0.26245
0.26236
0.26226
0.26213
0.26198
0.26181
0.26161
0.26139
0.26113
0.26085
0.26053
0.26018
0.2598
0.25937
0.2589
0.25839
0.25783
0.25723
0.25656
0.25585
0.25507
0.25423
0.25333
0.25236
0.25131
0.25019
0.24899
0.24771
0.24634
0.24489
0.24335
0.24173
0.24001
0.2382
0.23631
0.23432
0.23225
0.2301
0.22786
0.22556
0.22317
0.22073
0.21822
0.21566
0.21305
0.21041
0.20773
0.20503
0.20232
0.1996
0.19688
0.19418
0.19149
0.18884
0.18622
0.18364
0.18112
0.17865
0.17625
0.17392
0.17167
0.16949
0.16741
0.16541
0.16351
0.1617
0.15999
0.15839
0.15688
0.15547
0.15417
0.15297
0.15188
0.15088
0.14999
0.14919
0.14849
0.14789
0.14738
0.14696
0.14664
0.14639
0.14623
0.14615
0.14614
0.14621
0.14635
0.14655
0.14681
0.14712
0.14749
0.1479
0.14835
0.14884
0.14935
0.14989
0.15045
0.15102
0.15159
0.15216
0.15273
0.15328
0.15381
0.15431
0.15478
0.15522
0.15561
0.15596
0.15625
0.15649
0.15667
0.15679
0.15685
0.15684
0.15677
0.15663
0.15642
0.15615
0.15582
0.15542
0.15497
0.15446
0.15389
0.15328
0.15262
0.15191
0.15117
0.15039
0.14958
0.14875
0.14789
0.14701
0.14611
0.1452
0.14428
0.14336
0.14243
0.1415
0.14057
0.13964
0.13872
0.1378
0.13689
0.13599
0.1351
0.13423
0.13337
0.13252
0.13168
0.13087
0.13007
0.12928
0.12852
0.12778
0.12706
0.12636
0.12568
0.12503
0.1244
0.1238
0.12323
0.12269
0.12217
0.12169
0.12124
0.12082
0.12043
0.12007
0.11975
0.11946
0.1192
0.11898
0.11879
0.11863
0.1185
0.1184
0.11834
0.1183
0.11829
0.11831
0.11835
0.11843
0.11852
0.11864
0.11878
0.11894
0.11912
0.11931
0.11953
0.11976
0.12
0.12026
0.12053
0.12081
0.1211
0.1214
0.1217
0.122
0.12231
0.12261
0.12291
0.1232
0.12349
0.12376
0.12402
0.12426
0.12448
0.12467
0.12483
0.12497
0.12506
0.12511
0.12512
0.12509
0.125
0.12486
0.12466
0.12441
0.12409
0.12371
0.12326
0.12275
0.12216
0.12151
0.12078
0.11999
0.11912
0.11818
0.11716
0.11608
0.11493
0.1137
0.11241
0.11105
0.10962
0.10813
0.10658
0.10496
0.10329
0.10157
0.099794
0.097972
0.096106
0.094202
0.092265
0.090299
0.088311
0.086307
0.084294
0.082277
0.080266
0.078267
0.076289
0.074338
0.072424
0.070554
0.068736
0.066978
0.065287
0.063671
0.062136
0.060688
0.059333
0.058075
0.05692
0.05587
0.054929
0.054097
0.053377
0.052769
0.052272
0.051884
0.051605
0.051431
0.05136
0.051387
0.051507
0.051717
0.052011
0.052384
0.05283
0.053342
0.053917
0.054546
0.055225
0.055948
0.056708
0.057502
0.058323
0.059167
0.06003
0.060907
0.061795
0.06269
0.063591
0.064493
0.065397
0.0663
0.067201
0.0681
0.068998
0.069893
0.070788
0.071683
0.07258
0.07348
0.074386
0.075299
0.076223
0.077159
0.07811
0.079078
0.080067
0.081077
0.082111
0.083172
0.084259
0.085374
0.086517
0.08769
0.08889
0.090117
0.09137
0.092646
0.093943
0.095257
0.096584
0.097921
0.099262
0.1006
0.10194
0.10326
0.10456
0.10585
0.1071
0.10831
0.10949
0.11062
0.1117
0.11273
0.11369
0.1146
0.11543
0.1162
0.1169
0.11752
0.11807
0.11855
0.11896
0.11929
0.11956
0.11975
0.11987
0.11993
0.11992
0.11985
0.11971
0.11952
0.11927
0.11896
0.11859
0.11818
0.11771
0.11719
0.11662
0.11599
0.11532
0.11461
0.11384
0.11303
0.11216
0.11126
0.11031
0.10931
0.10828
0.1072
0.10608
0.10492
0.10373
0.10251
0.10125
0.099972
0.098666
0.097341
0.095998
0.094643
0.093279
0.09191
0.09054
0.089174
0.087814
0.086465
0.08513
0.083814
0.082517
0.081245
0.079997
0.078777
0.077585
0.076422
0.075288
0.074182
0.073103
0.072048
0.071016
0.070002
0.069003
0.068014
0.067031
0.066048
0.065058
0.064057
0.063038
0.061994
0.06092
0.059809
0.058655
0.057453
0.056198
0.054885
0.053511
0.052072
0.050566
0.048991
0.047347
0.045635
0.043855
0.04201
0.040102
0.038136
0.036116
0.034047
0.031937
0.029791
0.027617
0.025423
0.023217
0.021008
0.018803
0.016612
0.014444
0.012307
0.010211
0.0081624
0.0061709
0.004244
0.0023892
0.00061365
-0.001076
-0.0026735
-0.0041731
-0.0055696
-0.0068583
-0.008035
-0.0090962
-0.010039
-0.01086
-0.011558
-0.012131
-0.012579
-0.0129
-0.013095
-0.013164
-0.013109
-0.01293
-0.01263
-0.01221
-0.011674
-0.011025
-0.010266
-0.0094016
-0.0084356
-0.0073728
-0.0062182
-0.0049773
-0.0036556
-0.0022591
-0.000794
0.00073323
0.0023159
0.0039472
0.00562
0.0073272
0.0090614
0.010815
0.012581
0.014352
0.016119
0.017877
0.019616
0.02133
0.023012
0.024654
0.02625
0.027792
0.029275
0.030692
0.032038
0.033307
0.034495
0.035597
0.03661
0.037529
0.038354
0.039082
0.039712
0.040244
0.040678
0.041015
0.041258
0.041408
0.04147
0.041448
0.041345
0.041168
0.040921
0.040611
0.040244
0.039826
0.039363
0.038862
0.038328
0.037767
0.037185
0.036585
0.035973
0.035351
0.034723
0.034091
0.033457
0.03282
0.032182
0.031542
0.030898
0.030249
0.029594
0.028929
0.028252
0.027561
0.026852
0.026123
0.02537
0.024592
0.023787
0.022951
0.022085
0.021185
0.020252
0.019285
0.018284
0.017249
0.016182
0.015083
0.013954
0.012797
0.011614
0.010407
0.0091799
0.0079351
0.0066757
0.0054052
0.004127
0.0028451
0.0015631
0.00028532
-0.00098421
-0.0022411
-0.0034808
-0.0046988
-0.0058903
-0.0070503
-0.008174
-0.0092563
-0.010292
-0.011276
-0.012203
-0.013069
-0.013868
-0.014595
-0.015245
-0.015815
-0.016301
-0.016697
-0.017002
-0.017211
-0.017324
-0.017336
-0.017248
-0.017059
-0.016767
-0.016374
-0.015881
-0.015289
-0.014601
-0.013819
-0.012948
-0.011991
-0.010954
-0.0098406
-0.0086581
-0.0074123
-0.0061099
-0.0047582
-0.0033645
-0.0019365
-0.0004822
0.00099022
0.0024725
0.0039563
0.0054333
0.006895
0.0083332
0.0097397
0.011107
0.012426
0.01369
0.014893
0.016026
0.017083
0.018058
0.018945
0.01974
0.020436
0.021029
0.021516
0.021892
0.022156
0.022304
0.022335
0.022247
0.02204
0.021714
0.021269
0.020706
0.020028
0.019237
0.018336
0.017329
0.016221
0.015016
0.013722
0.012345
0.010892
0.0093706
0.0077904
0.0061602
0.0044901
0.0027903
0.0010715
-0.00065493
-0.0023775
-0.0040845
-0.0057638
-0.0074035
-0.0089915
-0.010516
-0.011965
-0.013327
-0.014591
-0.015747
-0.016784
-0.017694
-0.018468
-0.019099
-0.019581
-0.019907
-0.020075
-0.02008
-0.019923
-0.019601
-0.019118
-0.018474
-0.017675
-0.016725
-0.015631
-0.014401
-0.013044
-0.01157
-0.0099916
-0.0083197
-0.0065675
-0.0047487
-0.0028774
-0.00096774
0.00096557
0.002908
0.0048453
0.0067632
0.0086481
0.010487
0.012268
0.013978
0.015609
0.017149
0.01859
0.019925
0.021147
0.022252
0.023234
0.02409
0.02482
0.02542
0.025892
0.026235
0.026451
0.026542
0.02651
0.026358
0.026089
0.025708
0.025218
0.024623
0.023927
0.023133
0.022246
0.02127
0.020208
0.019063
0.017839
0.01654
0.015167
0.013724
0.012214
0.010639
0.0090025
0.0073062
0.0055537
0.003748
0.0018927
-8.3903e-06
-0.0019508
-0.0039296
-0.0059391
-0.007973
-0.010024
-0.012085
-0.014147
-0.0162
-0.018234
-0.020238
-0.022201
-0.024111
-0.025955
-0.027721
-0.029396
-0.030967
-0.032422
-0.033749
-0.034937
-0.035975
-0.036854
-0.037567
-0.038107
-0.038468
-0.038646
-0.038641
-0.038452
-0.03808
-0.037529
-0.036803
-0.035908
-0.034852
-0.033643
-0.032292
-0.030807
-0.029201
-0.027484
-0.025667
-0.023763
-0.021782
-0.019734
-0.017629
-0.015477
-0.013287
-0.011065
-0.0088191
-0.0065549
-0.0042776
-0.0019915
0.00029943
0.0025921
0.0048838
0.007172
0.0094544
0.011729
0.013993
0.016244
0.01848
0.020697
0.022892
0.025062
0.027201
0.029305
0.031369
0.033387
0.035354
0.037265
0.039112
0.04089
0.042593
0.044216
0.045754
0.0472
0.048552
0.049804
0.050954
0.051998
0.052934
0.053761
0.054477
0.055081
0.055573
0.055953
0.056222
0.056381
0.056429
0.05637
0.056204
0.055932
0.055558
0.055082
0.054508
0.053836
0.053071
0.052215
0.051272
0.050244
0.049138
0.047958
0.046709
0.045398
0.044033
0.042621
0.041171
0.039693
0.038198
0.036696
0.035201
0.033724
0.032279
0.03088
0.029541
0.028276
0.027099
0.026024
0.025065
0.024237
0.023551
0.023021
0.022658
0.022475
0.022481
0.022689
0.023107
0.023746
0.024615
0.025724
0.027083
0.028703
0.030595
0.032771
0.035245
0.038032
0.041148
0.044613
0.048445
0.052668
0.057305
0.062382
0.067928
0.073971
0.080541
0.08767
0.095389
0.10373
0.11272
0.12239
0.13276
0.14387
0.15572
0.16834
0.18174
0.19591
0.21087
0.2266
0.24309
0.26032
0.27826
0.29686
0.3161
0.33591
0.35624
0.37702
0.39819
0.41967
0.44137
0.46323
0.48515
0.50705
0.52884
0.55043
0.57175
0.59271
0.61325
0.63327
0.65273
0.67155
0.68969
0.7071
0.72374
0.73958
0.75459
0.76877
0.78209
0.79457
0.8062
0.81699
0.82696
0.83614
0.84455
0.85222
0.85917
0.86546
0.8711
0.87615
0.88065
0.88462
0.88811
0.89116
0.8938
0.89608
0.89802
0.89967
0.90105
0.90219
0.90313
0.90388
0.90448
0.90495
0.9053
0.90557
0.90576
0.90589
0.90598
0.90605
0.90609
0.90613
0.90617
0.90622
0.90628
0.90636
0.90646
0.90658
0.90673
0.90689
0.90708
0.90729
0.90751
0.90773
0.90797
0.9082
0.90843
0.90865
0.90885
0.90903
0.90918
0.9093
0.90938
0.90943
0.90944
0.9094
0.90932
0.90919
0.90902
0.90881
0.90855
0.90826
0.90793
0.90757
0.90718
0.90676
0.90632
0.90586
0.90539
0.9049
0.90441
0.9039
0.90339
0.90288
0.90236
0.90183
0.9013
0.90077
0.90022
0.89967
0.89911
0.89853
0.89794
0.89734
0.89671
0.89607
0.89541
0.89473
0.89402
0.89331
0.89257
0.89182
0.89106
0.89028
0.88951
0.88874
0.88797
0.88721
0.88646
0.88574
0.88504
0.88438
0.88375
0.88317
0.88263
0.88215
0.88173
0.88137
0.88108
0.88087
0.88073
0.88067
0.88069
0.88081
0.88101
0.88132
0.88172
0.88224
0.88286
0.8836
0.88446
0.88545
0.88658
0.88784
0.88924
0.8908
0.8925
0.89437
0.8964
0.8986
0.90097
0.90351
0.90622
0.90909
0.91213
0.91534
0.91869
0.9222
0.92584
0.9296
0.93347
0.93743
0.94148
0.94558
0.94972
0.95387
0.95803
0.96215
0.96623
0.97024
0.97416
0.97796
0.98164
0.98516
0.98851
0.99168
0.99465
0.9974
0.99994
1.0022
1.0043
1.0061
1.0077
1.0091
1.0102
1.011
1.0117
1.0121
1.0123
1.0122
1.012
1.0116
1.011
1.0102
1.0093
1.0083
1.0071
1.0057
1.0043
1.0028
1.0012
0.99951
0.99777
0.99597
0.99414
0.99227
0.99037
0.98846
0.98655
0.98463
0.98273
0.98083
0.97896
0.97712
0.97531
0.97355
0.97182
0.97015
0.96852
0.96695
0.96544
0.96399
0.96259
0.96126
0.95999
0.95878
0.95762
0.95652
0.95547
0.95446
0.95349
0.95255
0.95164
0.95074
0.94985
0.94896
0.94806
0.94714
0.94619
0.94519
0.94415
0.94305
0.94188
0.94063
0.9393
0.93788
0.93636
0.93474
0.93301
0.93118
0.92924
0.92719
0.92504
0.92277
0.9204
0.91793
0.91537
0.9127
0.90995
0.90711
0.90419
0.90119
0.89812
0.89498
0.89178
0.88851
0.88519
0.88181
0.87838
0.87489
0.87136
0.86777
0.86414
0.86046
0.85673
0.85296
0.84914
0.84528
0.84138
0.83744
0.83346
0.82945
0.82541
0.82133
0.81723
0.8131
0.80896
0.8048
0.80062
0.79644
0.79225
0.78806
0.78387
0.77968
0.77549
0.77131
0.76714
0.76298
0.75883
0.75469
0.75056
0.74645
0.74235
0.73827
0.7342
0.73015
0.72612
0.72211
0.71813
0.71417
0.71025
0.70636
0.7025
0.69869
0.69492
0.69121
0.68754
0.68394
0.6804
0.67692
0.67352
0.67019
0.66694
0.66377
0.66068
0.65767
0.65475
0.65192
0.64917
0.64651
0.64394
0.64145
0.63905
0.63673
0.6345
0.63235
0.63028
0.62829
0.62638
0.62455
0.6228
0.62112
0.61952
0.61798
0.61652
0.61512
0.6138
0.61253
0.61133
0.61019
0.60911
0.60807
0.60709
0.60616
0.60527
0.60442
0.60361
0.60282
0.60207
0.60135
0.60065
0.59997
0.5993
0.59866
0.59803
0.59741
0.59681
0.59622
0.59564
0.59508
0.59453
0.59401
0.5935
0.59302
0.59256
0.59214
0.59174
0.59138
0.59105
0.59077
0.59053
0.59033
0.59018
0.59007
0.59001
0.58999
0.59002
0.5901
0.59021
0.59037
0.59056
0.59078
0.59103
0.59131
0.5916
0.5919
0.59221
0.59253
0.59284
0.59315
0.59344
0.59371
0.59397
0.59419
0.59439
0.59456
0.59469
0.59478
0.59484
0.59486
0.59483
0.59477
0.59467
0.59452
0.59434
0.59412
0.59386
0.59356
0.59322
0.59284
0.59242
0.59196
0.59145
0.5909
0.59031
0.58966
0.58896
0.5882
0.58737
0.58648
0.58552
0.58448
0.58337
0.58216
0.58087
0.57948
0.57799
0.5764
0.57471
0.57291
0.57101
0.569
0.56688
0.56466
0.56234
0.55991
0.55739
0.55478
0.55209
0.54931
0.54646
0.54354
0.54056
0.53752
0.53444
0.53132
0.52816
0.52498
0.52178
0.51856
0.51533
0.51209
0.50886
0.50562
0.5024
0.49918
0.49596
0.49276
0.48958
0.4864
0.48323
0.48008
0.47693
0.4738
0.47067
0.46755
0.46444
0.46134
0.45824
0.45514
0.45205
0.44897
0.44589
0.44283
0.43977
0.43672
0.43368
0.43067
0.42767
0.42469
0.42175
0.41883
0.41595
0.4131
0.4103
0.40755
0.40484
0.40219
0.3996
0.39706
0.39458
0.39217
0.38981
0.38752
0.38529
0.38312
0.38102
0.37897
0.37697
0.37503
0.37314
0.37129
0.36949
0.36772
0.36599
0.36428
0.36261
0.36096
0.35932
0.35771
0.35611
0.35452
0.35294
0.35138
0.34982
0.34827
0.34673
0.3452
0.34368
0.34218
0.34069
0.33922
0.33778
0.33635
0.33496
0.33359
0.33226
0.33096
0.32971
0.3285
0.32733
0.32621
0.32514
0.32413
0.32317
0.32226
0.32141
0.32062
0.31988
0.31921
0.31859
0.31802
0.31752
0.31707
0.31667
0.31633
0.31604
0.3158
0.31561
0.31547
0.31537
0.31532
0.31532
0.31535
0.31543
0.31555
0.31571
0.3159
0.31613
0.3164
0.3167
0.31703
0.31739
0.31779
0.31821
0.31865
0.31913
0.31962
0.32013
0.32066
0.3212
0.32176
0.32232
0.32289
0.32346
0.32403
0.32458
0.32513
0.32566
0.32617
0.32666
0.32711
0.32753
0.32792
0.32826
0.32855
0.32879
0.32898
0.32911
0.32917
0.32917
0.3291
0.32896
0.32875
0.32845
0.32809
0.32764
0.32711
0.32651
0.32582
0.32506
0.32421
0.32329
0.3223
0.32123
0.32009
0.31888
0.31761
0.31627
0.31488
0.31344
0.31196
0.31043
0.30886
0.30727
0.30565
0.30401
0.30236
0.30071
0.29906
0.29742
0.29579
0.29419
0.29261
0.29107
0.28957
0.28812
0.28672
0.28538
0.2841
0.2829
0.28176
0.2807
0.27972
0.27882
0.27801
0.27728
0.27665
0.27611
0.27566
0.27531
0.27505
0.27489
0.27482
0.27485
0.27497
0.27518
0.27549
0.27588
0.27637
0.27693
0.27759
0.27832
0.27913
0.28001
0.28096
0.28197
0.28305
0.28417
0.28535
0.28657
0.28782
0.2891
0.2904
0.29172
0.29304
0.29437
0.29568
0.29699
0.29826
0.29951
0.30073
0.3019
0.30302
0.30408
0.30509
0.30602
0.30689
0.30768
0.30839
0.30902
0.30956
0.31002
0.31039
0.31067
0.31086
0.31096
0.31097
0.3109
0.31073
0.31048
0.31014
0.30972
0.30921
0.30862
0.30795
0.30721
0.30639
0.3055
0.30453
0.3035
0.30239
0.30123
0.3
0.29871
0.29736
0.29596
0.29451
0.29301
0.29146
0.28988
0.28826
0.28661
0.28493
0.28323
0.28152
0.27979
0.27806
0.27632
0.27459
0.27287
0.27117
0.26949
0.26783
0.26621
0.26462
0.26308
0.26158
0.26013
0.25873
0.25738
0.25609
0.25487
0.2537
0.2526
0.25156
0.25059
0.24968
0.24883
0.24805
0.24733
0.24667
0.24608
0.24554
0.24506
0.24463
0.24426
0.24394
0.24366
0.24343
0.24325
0.2431
0.243
0.24293
0.24289
0.24288
0.2429
0.24294
0.243
0.24308
0.24317
0.24327
0.24339
0.24351
0.24363
0.24375
0.24386
0.24397
0.24407
0.24416
0.24423
0.24428
0.24432
0.24433
0.24431
0.24427
0.2442
0.24411
0.24398
0.24381
0.24362
0.24339
0.24312
0.24283
0.24249
0.24213
0.24173
0.24131
0.24085
0.24037
0.23986
0.23933
0.23877
0.23821
0.23762
0.23703
0.23643
0.23582
0.23521
0.23461
0.23401
0.23342
0.23285
0.23229
0.23175
0.23123
0.23074
0.23028
0.22985
0.22945
0.22909
0.22877
0.22849
0.22825
0.22805
0.2279
0.22779
0.22773
0.22771
0.22774
0.22782
0.22794
0.2281
0.22831
0.22856
0.22885
0.22918
0.22954
0.22994
0.23037
0.23083
0.23131
0.23182
0.23235
0.23289
0.23345
0.23402
0.2346
0.23518
0.23576
0.23634
0.23692
0.23749
0.23805
0.2386
0.23914
0.23966
0.24017
0.24065
0.24112
0.24157
0.242
0.2424
0.24278
0.24313
0.24346
0.24377
0.24404
0.24429
0.24451
0.24471
0.24487
0.24501
0.24511
0.24519
0.24524
0.24526
0.24525
0.24522
0.24515
0.24507
0.24495
0.24482
0.24466
0.24449
0.24429
0.24408
0.24386
0.24363
0.24338
0.24313
0.24288
0.24262
0.24236
0.2421
0.24185
0.2416
0.24137
0.24114
0.24092
0.24071
0.24052
0.24034
0.24018
0.24003
0.2399
0.23978
0.23969
0.23961
0.23954
0.2395
0.23947
0.23946
0.23946
0.23948
0.23951
0.23955
0.23961
0.23968
0.23976
0.23984
0.23994
0.24004
0.24014
0.24025
0.24036
0.24047
0.24057
0.24068
0.24078
0.24087
0.24096
0.24103
0.2411
0.24116
0.2412
0.24124
0.24126
0.24126
0.24125
0.24122
0.24118
0.24112
0.24104
0.24094
0.24083
0.2407
0.24056
0.2404
0.24022
0.24002
0.23981
0.23958
0.23934
0.23908
0.23881
0.23852
0.23822
0.23791
0.23759
0.23727
0.23693
0.23659
0.23625
0.2359
0.23556
0.23521
0.23487
0.23454
0.23421
0.2339
0.2336
0.23331
0.23304
0.23279
0.23255
0.23234
0.23215
0.23198
0.23184
0.23172
0.23163
0.23155
0.23151
0.23148
0.23147
0.23148
0.23151
0.23156
0.23162
0.23169
0.23177
0.23186
0.23195
0.23205
0.23214
0.23224
0.23233
0.23242
0.23251
0.23258
0.23266
0.23272
0.23278
0.23282
0.23287
0.2329
0.23293
0.23296
0.23298
0.233
0.23301
0.23303
0.23304
0.23306
0.23308
0.2331
0.23312
0.23315
0.23317
0.23321
0.23324
0.23327
0.23331
0.23335
0.23338
0.23341
0.23344
0.23347
0.23349
0.23351
0.23352
0.23352
0.23352
0.2335
0.23349
0.23346
0.23343
0.2334
0.23336
0.23332
0.23328
0.23324
0.2332
0.23317
0.23313
0.23311
0.23308
0.23307
0.23305
0.23304
0.23303
0.23302
0.23301
0.23299
0.23296
0.23291
0.23284
0.23274
0.23261
0.23243
0.2322
0.23192
0.23156
0.23114
0.23062
0.23001
0.2293
0.22847
0.22753
0.22645
0.22524
0.22388
0.22237
0.2207
0.21887
0.21688
0.21471
0.21237
0.20987
0.20719
0.20434
0.20133
0.19816
0.19483
0.19137
0.18776
0.18403
0.18018
0.17624
0.1722
0.16809
0.16393
0.15972
0.15548
0.15123
0.14699
0.14277
0.13858
0.13445
0.13038
0.12639
0.1225
0.1187
0.11502
0.11147
0.10804
0.10476
0.10162
0.098637
0.095806
0.093134
0.090625
0.088279
0.086098
0.084083
0.082235
0.080552
0.079036
0.077684
0.076497
0.075474
0.074612
0.073912
0.07337
0.072987
0.07276
0.072687
0.072766
0.072995
0.07337
0.073889
0.074549
0.075345
0.076273
0.077328
0.078506
0.079799
0.081202
0.082709
0.084311
0.086002
0.087774
0.089617
0.091524
0.093485
0.095492
0.097535
0.099606
0.10169
0.10379
0.10589
0.10798
0.11005
0.11209
0.1141
0.11608
0.118
0.11987
0.12168
0.12343
0.1251
0.12671
0.12823
0.12967
0.13103
0.1323
0.13348
0.13457
0.13557
0.13648
0.13729
0.13801
0.13864
0.13918
0.13962
0.13997
0.14024
0.14042
0.14051
0.14052
0.14045
0.1403
0.14008
0.13979
0.13944
0.13903
0.13857
0.13806
0.13752
0.13693
0.13632
0.13569
0.13505
0.1344
0.13376
0.13312
0.1325
0.1319
0.13132
0.13078
0.13028
0.12982
0.1294
0.12903
0.1287
0.12843
0.1282
0.12801
0.12787
0.12777
0.1277
0.12767
0.12766
0.12766
0.12768
0.12771
0.12773
0.12775
0.12775
0.12773
0.12768
0.1276
0.12748
0.12731
0.1271
0.12684
0.12652
0.12615
0.12572
0.12523
0.12469
0.12409
0.12343
0.12272
0.12196
0.12115
0.1203
0.1194
0.11846
0.11748
0.11646
0.11542
0.11434
0.11323
0.1121
0.11094
0.10975
0.10855
0.10732
0.10608
0.10482
0.10354
0.10224
0.10094
0.099622
0.098297
0.096967
0.095635
0.094305
0.09298
0.091666
0.090368
0.08909
0.087839
0.08662
0.085439
0.084303
0.083218
0.082189
0.081223
0.080326
0.079501
0.078755
0.078091
0.077513
0.077023
0.076624
0.076318
0.076104
0.075983
0.075954
0.076015
0.076165
0.0764
0.076718
0.077114
0.077584
0.078124
0.078729
0.079394
0.080114
0.080884
0.081699
0.082555
0.083446
0.084368
0.085318
0.086292
0.087286
0.088299
0.089326
0.090367
0.09142
0.092483
0.093557
0.094639
0.095731
0.096832
0.097942
0.099063
0.10019
0.10134
0.10249
0.10365
0.10483
0.10602
0.10723
0.10845
0.10968
0.11092
0.11217
0.11344
0.11471
0.11599
0.11727
0.11856
0.11985
0.12114
0.12242
0.1237
0.12497
0.12623
0.12748
0.1287
0.12991
0.1311
0.13226
0.1334
0.13451
0.13559
0.13663
0.13764
0.13862
0.13955
0.14045
0.14131
0.14213
0.1429
0.14364
0.14432
0.14496
0.14556
0.1461
0.1466
0.14705
0.14745
0.14779
0.14809
0.14833
0.14852
0.14865
0.14873
0.14875
0.14871
0.14861
0.14846
0.14824
0.14795
0.14761
0.1472
0.14672
0.14617
0.14555
0.14487
0.14411
0.14327
0.14236
0.14138
0.14032
0.13919
0.13798
0.1367
0.13534
0.13392
0.13242
0.13087
0.12925
0.12757
0.12585
0.12408
0.12226
0.12042
0.11855
0.11667
0.11478
0.11289
0.111
0.10913
0.10729
0.10547
0.1037
0.10198
0.1003
0.09869
0.09714
0.095656
0.094244
0.092903
0.091635
0.090439
0.089316
0.088261
0.087273
0.086348
0.08548
0.084665
0.083897
0.083169
0.082475
0.081808
0.081161
0.080528
0.079901
0.079275
0.078643
0.077999
0.077339
0.076657
0.075951
0.075215
0.074448
0.073647
0.072811
0.071939
0.071029
0.070083
0.069101
0.068083
0.067031
0.065947
0.064832
0.063688
0.062518
0.061323
0.060106
0.05887
0.057616
0.056347
0.055064
0.05377
0.052467
0.051156
0.049838
0.048514
0.047187
0.045856
0.044522
0.043185
0.041846
0.040504
0.039159
0.037811
0.036459
0.035102
0.033739
0.03237
0.030992
0.029604
0.028206
0.026796
0.025373
0.023935
0.022483
0.021014
0.019528
0.018026
0.016506
0.014969
0.013416
0.011846
0.010262
0.0086637
0.0070534
0.0054328
0.0038041
0.0021695
0.00053152
-0.001107
-0.0027434
-0.0043745
-0.0059973
-0.0076087
-0.0092055
-0.010784
-0.012342
-0.013876
-0.015382
-0.016857
-0.018298
-0.019701
-0.021064
-0.022382
-0.023653
-0.024873
-0.026038
-0.027145
-0.02819
-0.029169
-0.030078
-0.030914
-0.031672
-0.032348
-0.032938
-0.033438
-0.033844
-0.034151
-0.034355
-0.034454
-0.034443
-0.034319
-0.034079
-0.03372
-0.03324
-0.032639
-0.031913
-0.031064
-0.030091
-0.028995
-0.027778
-0.026441
-0.024988
-0.023423
-0.02175
-0.019973
-0.0181
-0.016134
-0.014085
-0.011958
-0.0097611
-0.0075022
-0.0051892
-0.0028301
-0.00043322
0.0019935
0.0044421
0.0069049
0.0093742
0.011843
0.014304
0.016751
0.019177
0.021577
0.023946
0.026277
0.028566
0.030808
0.033
0.035136
0.037214
0.039229
0.041178
0.043058
0.044866
0.0466
0.048256
0.049832
0.051328
0.05274
0.054069
0.055314
0.056474
0.05755
0.058542
0.059454
0.060285
0.061041
0.061722
0.062335
0.062882
0.06337
0.063803
0.064188
0.064529
0.064834
0.065108
0.065359
0.065591
0.06581
0.066023
0.066234
0.066447
0.066666
0.066894
0.067134
0.067387
0.067653
0.067933
0.068224
0.068527
0.068837
0.069153
0.069469
0.069781
0.070085
0.070376
0.070648
0.070896
0.071115
0.0713
0.071445
0.071547
0.071601
0.071605
0.071556
0.071451
0.07129
0.071073
0.0708
0.070472
0.070091
0.06966
0.069182
0.068661
0.068101
0.067507
0.066883
0.066235
0.065567
0.064884
0.064191
0.063491
0.062788
0.062085
0.061385
0.060689
0.059998
0.059312
0.058631
0.057953
0.057276
0.056597
0.055914
0.055222
0.054517
0.053794
0.05305
0.052279
0.051477
0.05064
0.049764
0.048844
0.04788
0.046868
0.045807
0.044696
0.043537
0.04233
0.041077
0.039782
0.038448
0.037079
0.03568
0.034257
0.032817
0.031364
0.029906
0.028448
0.026997
0.025559
0.024139
0.022743
0.021374
0.020038
0.018737
0.017473
0.01625
0.015068
0.013928
0.01283
0.011774
0.01076
0.0097855
0.0088507
0.0079538
0.0070934
0.0062683
0.0054771
0.0047188
0.0039927
0.0032981
0.0026346
0.0020022
0.0014011
0.00083163
0.00029447
-0.00020967
-0.00067994
-0.0011155
-0.0015154
-0.0018789
-0.0022054
-0.0024943
-0.0027454
-0.0029585
-0.0031338
-0.0032717
-0.0033729
-0.0034382
-0.0034686
-0.0034654
-0.0034298
-0.0033631
-0.0032666
-0.0031416
-0.0029893
-0.0028105
-0.002606
-0.0023762
-0.0021213
-0.0018412
-0.0015355
-0.0012032
-0.00084345
-0.00045477
-3.5595e-05
0.00041586
0.00090152
0.0014234
0.0019834
0.0025835
0.0032255
0.0039108
0.0046407
0.005416
0.006237
0.0071037
0.0080152
0.0089703
0.009967
0.011003
0.012074
0.013177
0.014306
0.015458
0.016625
0.017801
0.018979
0.020153
0.021313
0.022453
