0.05411
0.04918
0.044279
0.039417
0.034606
0.029854
0.02517
0.020562
0.016037
0.011601
0.0072583
0.0030146
-0.0011269
-0.0051634
-0.0090925
-0.012913
-0.016623
-0.020223
-0.023712
-0.027092
-0.030363
-0.033526
-0.036584
-0.039539
-0.042393
-0.04515
-0.047813
-0.050386
-0.052874
-0.055281
-0.057612
-0.059873
-0.062069
-0.064206
-0.06629
-0.068326
-0.070322
-0.072281
-0.074209
-0.07611
-0.077989
-0.079848
-0.08169
-0.083516
-0.085324
-0.087115
-0.088885
-0.09063
-0.092345
-0.094022
-0.095654
-0.097231
-0.098743
-0.10018
-0.10152
-0.10277
-0.1039
-0.1049
-0.10576
-0.10646
-0.10699
-0.10734
-0.10749
-0.10744
-0.10717
-0.10666
-0.10591
-0.10491
-0.10365
-0.10211
-0.10029
-0.098171
-0.095752
-0.093019
-0.089962
-0.086571
-0.082832
-0.078737
-0.074272
-0.069427
-0.06419
-0.058549
-0.052495
-0.046016
-0.039105
-0.031752
-0.023952
-0.0157
-0.0069936
0.002168
0.011783
0.021847
0.032352
0.043291
0.05465
0.066415
0.078568
0.091091
0.10396
0.11716
0.13065
0.14442
0.15843
0.17265
0.18706
0.20162
0.21631
0.23108
0.24591
0.26076
0.27561
0.29042
0.30516
0.3198
0.3343
0.34864
0.36279
0.37672
0.3904
0.4038
0.4169
0.42968
0.44211
0.45417
0.46584
0.47711
0.48797
0.4984
0.50839
0.51794
0.52704
0.5357
0.54392
0.55169
0.55904
0.56596
0.57247
0.57859
0.58431
0.58968
0.59469
0.59937
0.60373
0.60779
0.61158
0.6151
0.61837
0.62142
0.62424
0.62687
0.6293
0.63155
0.63363
0.63556
0.63733
0.63896
0.64046
0.64183
0.64308
0.64421
0.64524
0.64617
0.64701
0.64777
0.64844
0.64906
0.64961
0.65012
0.65059
0.65103
0.65146
0.65188
0.6523
0.65273
0.65318
0.65367
0.65419
0.65476
0.65538
0.65606
0.6568
0.6576
0.65847
0.65941
0.66041
0.66148
0.66262
0.66381
0.66506
0.66637
0.66772
0.66912
0.67055
0.67203
0.67353
0.67506
0.67661
0.67819
0.67978
0.68139
0.68301
0.68464
0.68629
0.68795
0.68964
0.69133
0.69305
0.6948
0.69657
0.69837
0.7002
0.70208
0.70399
0.70595
0.70796
0.71002
0.71214
0.71431
0.71654
0.71884
0.7212
0.72362
0.7261
0.72865
0.73126
0.73393
0.73666
0.73944
0.74228
0.74518
0.74812
0.7511
0.75412
0.75718
0.76027
0.76339
0.76654
0.7697
0.77288
0.77607
0.77927
0.78248
0.7857
0.78892
0.79214
0.79536
0.79858
0.8018
0.80503
0.80826
0.8115
0.81475
0.81801
0.82128
0.82458
0.82789
0.83123
0.8346
0.838
0.84143
0.84489
0.8484
0.85194
0.85552
0.85913
0.86278
0.86647
0.87018
0.87392
0.87767
0.88145
0.88522
0.889
0.89277
0.89652
0.90025
0.90394
0.90758
0.91117
0.9147
0.91815
0.92153
0.92481
0.92799
0.93107
0.93404
0.93689
0.93961
0.9422
0.94466
0.94698
0.94916
0.9512
0.95309
0.95482
0.9564
0.95783
0.9591
0.96021
0.96116
0.96194
0.96255
0.96299
0.96326
0.96335
0.96326
0.96298
0.96252
0.96186
0.96101
0.95996
0.95872
0.95727
0.95562
0.95377
0.95172
0.94947
0.94703
0.9444
0.94158
0.93858
0.93541
0.93208
0.92859
0.92496
0.9212
0.91732
0.91333
0.90925
0.90508
0.90085
0.89657
0.89225
0.88789
0.88352
0.87915
0.87478
0.87044
0.86612
0.86183
0.8576
0.85341
0.84929
0.84523
0.84124
0.83734
0.83351
0.82978
0.82613
0.82258
0.81914
0.81579
0.81256
0.80944
0.80644
0.80355
0.80079
0.79816
0.79567
0.79331
0.79109
0.78901
0.78708
0.78529
0.78366
0.78218
0.78085
0.77967
0.77865
0.77777
0.77704
0.77646
0.77601
0.7757
0.77551
0.77545
0.7755
0.77566
0.77592
0.77626
0.77669
0.77719
0.77775
0.77836
0.77901
0.77971
0.78042
0.78116
0.78191
0.78266
0.7834
0.78415
0.78487
0.78558
0.78627
0.78693
0.78757
0.78817
0.78875
0.78929
0.7898
0.79027
0.79071
0.79112
0.79148
0.79181
0.7921
0.79236
0.79257
0.79275
0.79288
0.79297
0.79301
0.79301
0.79296
0.79285
0.7927
0.79249
0.79223
0.79191
0.79154
0.79111
0.79061
0.79006
0.78946
0.78879
0.78807
0.78729
0.78646
0.78557
0.78463
0.78365
0.78261
0.78153
0.7804
0.77923
0.77802
0.77676
0.77546
0.77413
0.77275
0.77133
0.76988
0.76838
0.76684
0.76526
0.76365
0.76199
0.7603
0.75856
0.75679
0.75498
0.75314
0.75126
0.74935
0.74742
0.74546
0.74347
0.74147
0.73945
0.73741
0.73536
0.73329
0.73122
0.72914
0.72705
0.72496
0.72286
0.72074
0.71862
0.71649
0.71434
0.71218
0.71
0.70779
0.70556
0.70329
0.70099
0.69866
0.69628
0.69387
0.6914
0.68889
0.68633
0.68373
0.68107
0.67837
0.67562
0.67282
0.66998
0.66711
0.6642
0.66125
0.65828
0.65529
0.65229
0.64927
0.64624
0.64322
0.6402
0.63719
0.63419
0.63122
0.62827
0.62535
0.62246
0.61961
0.61679
0.61402
0.6113
0.60862
0.606
0.60343
0.60091
0.59844
0.59604
0.59369
0.5914
0.58917
0.587
0.58489
0.58284
0.58086
0.57893
0.57706
0.57526
0.57351
0.57182
0.57019
0.56861
0.56709
0.56563
0.56421
0.56285
0.56155
0.56029
0.55907
0.55791
0.55679
0.55572
0.5547
0.55372
0.55279
0.5519
0.55106
0.55026
0.54952
0.54883
0.54818
0.54759
0.54706
0.54658
0.54617
0.54581
0.54552
0.5453
0.54514
0.54506
0.54504
0.5451
0.54523
0.54543
0.5457
0.54605
0.54646
0.54695
0.5475
0.54811
0.54879
0.54952
0.5503
0.55113
0.552
0.5529
0.55384
0.5548
0.55578
0.55677
0.55776
0.55875
0.55973
0.5607
0.56165
0.56256
0.56345
0.5643
0.5651
0.56585
0.56655
0.56719
0.56777
0.56829
0.56873
0.56909
0.56938
0.56959
0.56972
0.56976
0.56971
0.56957
0.56933
0.569
0.56856
0.56803
0.56739
0.56665
0.5658
0.56485
0.56379
0.56262
0.56135
0.55998
0.5585
0.55693
0.55526
0.5535
0.55166
0.54973
0.54773
0.54567
0.54354
0.54136
0.53914
0.53688
0.53458
0.53226
0.52993
0.52758
0.52523
0.52289
0.52055
0.51822
0.5159
0.51361
0.51133
0.50908
0.50684
0.50464
0.50245
0.50029
0.49815
0.49603
0.49393
0.49185
0.48979
0.48774
0.48569
0.48366
0.48164
0.47962
0.4776
0.47558
0.47357
0.47154
0.46951
0.46748
0.46543
0.46337
0.46129
0.45921
0.4571
0.45498
0.45284
0.45068
0.4485
0.44631
0.44411
0.44189
0.43966
0.43742
0.43518
0.43294
0.43071
0.42849
0.42629
0.42412
0.42197
0.41986
0.4178
0.41578
0.41382
0.41193
0.4101
0.40834
0.40666
0.40506
0.40353
0.40209
0.40074
0.39947
0.39828
0.39717
0.39615
0.3952
0.39433
0.39352
0.39279
0.39212
0.39151
0.39095
0.39045
0.38999
0.38957
0.38919
0.38885
0.38854
0.38825
0.38799
0.38774
0.38752
0.3873
0.3871
0.38691
0.38671
0.38652
0.38633
0.38613
0.38592
0.38571
0.38548
0.38523
0.38497
0.38469
0.38438
0.38405
0.3837
0.38333
0.38293
0.38251
0.38206
0.3816
0.38111
0.3806
0.38008
0.37955
0.37901
0.37847
0.37792
0.37738
0.37685
0.37633
0.37583
0.37535
0.3749
0.37447
0.37408
0.37373
0.37342
0.37315
0.37292
0.37274
0.3726
0.3725
0.37245
0.37245
0.37248
0.37255
0.37265
0.37278
0.37293
0.37311
0.3733
0.3735
0.37371
0.37391
0.3741
0.37428
0.37443
0.37456
0.37466
0.37471
0.37472
0.37467
0.37457
0.3744
0.37416
0.37384
0.37344
0.37296
0.37238
0.3717
0.37093
0.37005
0.36906
0.36796
0.36675
0.36542
0.36397
0.36241
0.36073
0.35893
0.35702
0.35499
0.35286
0.35063
0.34829
0.34586
0.34335
0.34076
0.33809
0.33537
0.33258
0.32976
0.3269
0.32401
0.32111
0.31821
0.3153
0.31241
0.30954
0.3067
0.3039
0.30115
0.29844
0.29579
0.29321
0.29069
0.28824
0.28587
0.28357
0.28136
0.27922
0.27716
0.27518
0.27328
0.27146
0.26972
0.26805
0.26645
0.26493
0.26348
0.26209
0.26077
0.25951
0.2583
0.25716
0.25607
0.25503
0.25405
0.25311
0.25223
0.25138
0.25059
0.24984
0.24913
0.24846
0.24783
0.24724
0.24669
0.24618
0.2457
0.24526
0.24486
0.24448
0.24414
0.24382
0.24353
0.24327
0.24302
0.2428
0.2426
0.24241
0.24223
0.24206
0.2419
0.24175
0.24161
0.24147
0.24133
0.24119
0.24105
0.24092
0.24079
0.24065
0.24052
0.24039
0.24027
0.24015
0.24003
0.23992
0.23982
0.23972
0.23964
0.23956
0.23948
0.23941
0.23935
0.23929
0.23923
0.23916
0.23909
0.23901
0.23891
0.23878
0.23863
0.23844
0.23821
0.23794
0.2376
0.23721
0.23674
0.2362
0.23558
0.23486
0.23405
0.23315
0.23213
0.23101
0.22977
0.22842
0.22696
0.22538
0.22368
0.22186
0.21993
0.21788
0.21572
0.21345
0.21107
0.20859
0.20601
0.20333
0.20055
0.19769
0.19473
0.19169
0.18857
0.18537
0.18209
0.17873
0.1753
0.17181
0.16824
0.16462
0.16093
0.15718
0.15338
0.14953
0.14564
0.14171
0.13775
0.13377
0.12977
0.12576
0.12176
0.11777
0.1138
0.10986
0.10597
0.10213
0.098358
0.094658
0.091043
0.087521
0.084101
0.08079
0.077593
0.074517
0.071566
0.068742
0.066047
0.063481
0.061044
0.058735
0.056551
0.054488
0.052543
0.050711
0.048988
0.047368
0.045847
0.044419
0.043079
0.041823
0.040647
0.039547
0.03852
0.037564
0.036676
0.035854
0.035099
0.034409
0.033785
0.033226
0.032734
0.03231
0.031956
0.031672
0.03146
0.031322
0.031261
0.031277
0.031372
0.031549
0.03181
0.032156
0.032589
0.033112
0.033726
0.034435
0.035239
0.036141
0.037145
0.038252
0.039466
0.04079
0.042226
0.043777
0.045448
0.047241
0.049159
0.051207
0.053387
0.055703
0.058158
0.060757
0.063502
0.066397
0.069447
0.072654
0.076024
0.07956
0.083266
0.087148
0.091211
0.095459
0.099899
0.10454
0.10937
0.11442
0.11969
0.12517
0.13089
0.13683
0.14302
0.14945
0.15613
0.16306
0.17025
0.17769
0.18539
0.19333
0.20153
0.20997
0.21865
0.22756
0.23668
0.246
0.25552
0.2652
0.27505
0.28502
0.29512
0.3053
0.31556
0.32587
0.33621
0.34656
0.35688
0.36717
0.3774
0.38754
0.39759
0.40753
0.41733
0.42698
0.43648
0.4458
0.45494
0.46389
0.47263
0.48118
0.48951
0.49762
0.50552
0.5132
0.52066
0.52789
0.53491
0.54171
0.54829
0.55465
0.56081
0.56676
0.5725
0.57805
0.58341
0.58858
0.59358
0.59841
0.60308
0.6076
0.61199
0.61625
0.62039
0.62443
0.62838
0.63225
0.63607
0.63982
0.64355
0.64724
0.65093
0.65461
0.6583
0.66202
0.66576
0.66954
0.67336
0.67723
0.68116
0.68514
0.68917
0.69326
0.69741
0.70161
0.70585
0.71014
0.71446
0.71881
0.72318
0.72756
0.73195
0.73633
0.74068
0.74502
0.74931
0.75356
0.75775
0.76188
0.76594
0.76991
0.7738
0.7776
0.7813
0.7849
0.78839
0.79178
0.79506
0.79824
0.80131
0.80427
0.80714
0.8099
0.81257
0.81514
0.81763
0.82004
0.82237
0.82463
0.82682
0.82894
0.83101
0.83303
0.83499
0.83691
0.83878
0.84061
0.8424
0.84416
0.84588
0.84756
0.84921
0.85083
0.85242
0.85397
0.85549
0.85698
0.85844
0.85988
0.86128
0.86267
0.86403
0.86537
0.8667
0.86802
0.86933
0.87064
0.87195
0.87326
0.87459
0.87592
0.87727
0.87864
0.88003
0.88143
0.88286
0.8843
0.88575
0.88721
0.88867
0.89013
0.89157
0.89299
0.89437
0.89571
0.89698
0.89818
0.8993
0.90031
0.90121
0.90198
0.90262
0.9031
0.90341
0.90356
0.90352
0.9033
0.90288
0.90226
0.90145
0.90044
0.89923
0.89783
0.89625
0.89448
0.89255
0.89045
0.8882
0.88581
0.8833
0.88068
0.87796
0.87516
0.87229
0.86936
0.8664
0.86341
0.86041
0.85741
0.85443
0.85147
0.84854
0.84566
0.84283
0.84006
0.83736
0.83474
0.8322
0.82974
0.82737
0.82509
0.8229
0.82082
0.81883
0.81694
0.81515
0.81347
0.81189
0.81041
0.80904
0.80778
0.80662
0.80556
0.80462
0.80378
0.80305
0.80243
0.80192
0.80151
0.80121
0.80102
0.80094
0.80096
0.80109
0.80131
0.80164
0.80206
0.80257
0.80317
0.80385
0.8046
0.80543
0.80632
0.80727
0.80827
0.80931
0.81039
0.8115
0.81263
0.81377
0.81491
0.81606
0.8172
0.81832
0.81943
0.82051
0.82156
0.82259
0.82358
0.82453
0.82544
0.82632
0.82716
0.82797
0.82874
0.82947
0.83018
0.83085
0.83151
0.83213
0.83274
0.83334
0.83392
0.83449
0.83506
0.83563
0.83619
0.83676
0.83733
0.83791
0.8385
0.8391
0.83971
0.84034
0.84098
0.84163
0.84229
0.84297
0.84366
0.84437
0.84508
0.8458
0.84654
0.84727
0.84802
0.84876
0.8495
0.85024
0.85098
0.8517
0.85242
0.85312
0.85379
0.85445
0.85508
0.85568
0.85626
0.85679
0.85729
0.85774
0.85815
0.85851
0.85882
0.85908
0.85928
0.85942
0.85951
0.85952
0.85947
0.85936
0.85917
0.85891
0.85857
0.85816
0.85767
0.85709
0.85643
0.85569
0.85485
0.85392
0.8529
0.85179
0.85057
0.84926
0.84784
0.84632
0.84469
0.84296
0.84111
0.83916
0.83709
0.83491
0.83261
0.83021
0.82769
0.82505
0.8223
0.81944
0.81646
0.81338
0.81019
0.80689
0.8035
0.8
0.79641
0.79273
0.78896
0.78512
0.7812
0.77722
0.77319
0.7691
0.76497
0.76081
0.75662
0.75242
0.74822
0.74403
0.73985
0.7357
0.73158
0.72752
0.7235
0.71956
0.71569
0.7119
0.7082
0.70461
0.70111
0.69774
0.69447
0.69133
0.68832
0.68543
0.68268
0.68006
0.67758
0.67523
0.67302
0.67095
0.66902
0.66721
0.66555
0.66401
0.66261
0.66133
0.66017
0.65914
0.65823
0.65743
0.65675
0.65617
0.6557
0.65532
0.65505
0.65486
0.65476
0.65475
0.65481
0.65495
0.65515
0.65542
0.65574
0.65611
0.65654
0.657
0.6575
0.65804
0.65859
0.65917
0.65977
0.66037
0.66099
0.6616
0.66221
0.66281
0.66339
0.66396
0.6645
0.66502
0.6655
0.66594
0.66634
0.6667
0.667
0.66724
0.66741
0.66752
0.66755
0.6675
0.66737
0.66714
0.66683
0.66641
0.66589
0.66527
0.66454
0.6637
0.66274
0.66168
0.6605
0.65921
0.6578
0.65629
0.65467
0.65295
0.65112
0.6492
0.64718
0.64508
0.64289
0.64062
0.63828
0.63588
0.6334
0.63088
0.62829
0.62566
0.62299
0.62028
0.61753
0.61474
0.61194
0.6091
0.60625
0.60337
0.60048
0.59757
0.59465
0.59173
0.58879
0.58585
0.58291
0.57997
0.57703
0.57409
0.57116
0.56824
0.56534
0.56245
0.55958
0.55673
0.55392
0.55113
0.54838
0.54566
0.54299
0.54037
0.5378
0.53529
0.53284
0.53045
0.52813
0.52588
0.5237
0.52161
0.51959
0.51765
0.5158
0.51403
0.51234
0.51074
0.50923
0.50779
0.50644
0.50516
0.50397
0.50284
0.50179
0.50081
0.49989
0.49903
0.49824
0.49749
0.4968
0.49616
0.49556
0.49501
0.49449
0.49402
0.49358
0.49318
0.49281
0.49248
0.49218
0.49191
0.49167
0.49147
0.4913
0.49116
0.49105
0.49097
0.49092
0.4909
0.49091
0.49094
0.491
0.49107
0.49115
0.49124
0.49134
0.49143
0.49151
0.49157
0.4916
0.4916
0.49156
0.49147
0.49131
0.49108
0.49077
0.49036
0.48986
0.48926
0.48853
0.48769
0.48671
0.4856
0.48436
0.48296
0.48142
0.47974
0.4779
0.47592
0.47378
0.4715
0.46908
0.46652
0.46382
0.46099
0.45804
0.45498
0.4518
0.44853
0.44516
0.4417
0.43817
0.43458
0.43092
0.42722
0.42348
0.41972
0.41594
0.41215
0.40837
0.4046
0.40086
0.39715
0.3935
0.38991
0.3864
0.38296
0.37963
0.3764
0.3733
0.37033
0.36749
0.36481
0.36229
0.35994
0.35776
0.35577
0.35397
0.35235
0.35094
0.34971
0.34869
0.34786
0.34722
0.34676
0.3465
0.34641
0.34648
0.34672
0.34712
0.34765
0.34832
0.34911
0.35002
0.35102
0.35212
0.35329
0.35453
0.35582
0.35717
0.35854
0.35995
0.36137
0.3628
0.36422
0.36564
0.36705
0.36842
0.36977
0.37108
0.37234
0.37356
0.37472
0.37582
0.37685
0.37782
0.37871
0.37952
0.38025
0.3809
0.38146
0.38192
0.3823
0.38258
0.38276
0.38284
0.38283
0.38271
0.38249
0.38217
0.38175
0.38123
0.38061
0.37989
0.37908
0.37817
0.37718
0.3761
0.37494
0.3737
0.37238
0.37101
0.36956
0.36807
0.36652
0.36493
0.36331
0.36165
0.35997
0.35828
0.35657
0.35486
0.35315
0.35144
0.34974
0.34806
0.3464
0.34476
0.34315
0.34156
0.34
0.33847
0.33696
0.33549
0.33405
0.33263
0.33123
0.32987
0.32852
0.3272
0.32589
0.3246
0.32333
0.32207
0.32082
0.31959
0.31836
0.31714
0.31594
0.31474
0.31355
0.31237
0.3112
0.31004
0.30888
0.30774
0.3066
0.30546
0.30433
0.3032
0.30208
0.30095
0.29981
0.29866
0.2975
0.29631
0.2951
0.29387
0.29259
0.29128
0.28991
0.2885
0.28703
0.2855
0.2839
0.28223
0.28049
0.27868
0.27678
0.27481
0.27276
0.27064
0.26843
0.26614
0.26378
0.26134
0.25883
0.25624
0.25358
0.25085
0.24804
0.24517
0.24222
0.23919
0.23609
0.23291
0.22964
0.22629
0.22285
0.21932
0.21568
0.21194
0.2081
0.20413
0.20006
0.19586
0.19154
0.1871
0.18254
0.17786
0.17306
0.16815
0.16313
0.15801
0.15281
0.14753
0.14219
0.13681
0.13139
0.12597
0.12054
0.11515
0.1098
0.10452
0.099334
0.094256
0.089311
0.084519
0.0799
0.075474
0.07126
0.067273
0.063529
0.060044
0.056829
0.053895
0.051252
0.048907
0.046866
0.045133
0.04371
0.042598
0.041795
0.0413
0.041107
0.04121
0.041603
0.042277
0.043222
0.044427
0.045879
0.047566
0.049473
0.051584
0.053885
0.056359
0.058989
0.061757
0.064646
0.067638
0.070716
0.073862
0.077059
0.080289
0.083537
0.086787
0.090024
0.093234
0.096405
0.099523
0.10258
0.10556
0.10846
0.11128
0.114
0.11661
0.11913
0.12153
0.12383
0.12601
0.12808
0.13003
0.13187
0.1336
0.13522
0.13673
0.13813
0.13942
0.14061
0.14169
0.14268
0.14356
0.14435
0.14504
0.14565
0.14616
0.14658
0.14692
0.14717
0.14733
0.14742
0.14742
0.14735
0.14719
0.14695
0.14664
0.14624
0.14576
0.14519
0.14454
0.1438
0.14297
0.14205
0.14102
0.1399
0.13867
0.13734
0.13589
0.13433
0.13266
0.13087
0.12896
0.12695
0.12482
0.12258
0.12023
0.11779
0.11526
0.11265
0.10997
0.10724
0.10446
0.10166
0.098839
0.096026
0.093235
0.090484
0.087791
0.085175
0.082653
0.080244
0.077965
0.075833
0.073865
0.072074
0.070476
0.069084
0.06791
0.066964
0.066258
0.065799
0.065595
0.065654
0.065981
0.066581
0.067458
0.068617
0.070059
0.071786
0.073801
0.076104
0.078695
0.081575
0.084743
0.088197
0.091937
0.095961
0.10026
0.10485
0.1097
0.11483
0.12023
0.12589
0.1318
0.13797
0.14438
0.15104
0.15792
0.16504
0.17238
0.17993
0.18769
0.19565
0.20379
0.21213
0.22063
0.22931
0.23813
0.24711
0.25622
0.26545
0.27479
0.28424
0.29377
0.30337
0.31304
0.32274
0.33247
0.34222
0.35196
0.36168
0.37137
0.381
0.39057
0.40005
0.40945
0.41873
0.42789
0.43692
0.44581
0.45456
0.46314
0.47156
0.47981
0.4879
0.4958
0.50354
0.51109
0.51847
0.52567
0.5327
0.53956
0.54624
0.55275
0.5591
0.56528
0.57129
0.57714
0.58283
0.58837
0.59374
0.59897
0.60404
0.60896
0.61373
0.61835
0.62284
0.62718
0.63139
0.63547
0.63942
0.64325
0.64697
0.65056
0.65405
0.65744
0.66073
0.66393
0.66703
0.67005
0.67298
0.67584
0.67862
0.68132
0.68394
0.68649
0.68896
0.69136
0.69368
0.69592
0.69808
0.70016
0.70216
0.70407
0.70589
0.70762
0.70927
0.71083
0.71229
0.71368
0.71497
0.71618
0.71731
0.71836
0.71934
0.72025
0.7211
0.72189
0.72263
0.72332
0.72397
0.72458
0.72517
0.72573
0.72628
0.72682
0.72735
0.72787
0.7284
0.72894
0.72949
0.73004
0.73062
0.73121
0.73182
0.73245
0.7331
0.73377
0.73447
0.73519
0.73593
0.73671
0.73751
0.73834
0.7392
0.74009
0.74101
0.74197
0.74297
0.744
0.74508
0.74621
0.74738
0.74861
0.74989
0.75123
0.75263
0.75409
0.75562
0.75721
0.75888
0.76062
0.76243
0.76431
0.76627
0.76831
0.77042
0.77261
0.77487
0.77721
0.77962
0.7821
0.78466
0.78728
0.78998
0.79274
0.79557
0.79846
0.80142
0.80445
0.80753
0.81068
0.81389
0.81716
0.8205
0.82389
0.82735
0.83086
0.83444
0.83808
0.84178
0.84554
0.84936
0.85323
0.85716
0.86115
0.86518
0.86927
0.87339
0.87756
0.88176
0.88599
0.89025
0.89452
0.8988
0.90309
0.90737
0.91163
0.91587
0.92008
0.92424
0.92835
0.93239
0.93636
0.94024
0.94403
0.94772
0.95128
0.95473
0.95804
0.9612
0.96422
0.96708
0.96977
0.97229
0.97464
0.97681
0.97879
0.98059
0.9822
0.98362
0.98485
0.98588
0.98673
0.98738
0.98785
0.98814
0.98823
0.98815
0.98789
0.98745
0.98685
0.98607
0.98513
0.98403
0.98278
0.98137
0.97981
0.97812
0.97628
0.97432
0.97222
0.97001
0.96768
0.96524
0.96271
0.96008
0.95737
0.95458
0.95172
0.94881
0.94585
0.94286
0.93984
0.9368
0.93376
0.93073
0.92771
0.92473
0.92179
0.9189
0.91606
0.9133
0.91062
0.90803
0.90553
0.90313
0.90084
0.89866
0.8966
0.89465
0.89281
0.8911
0.8895
0.88801
0.88664
0.88537
0.8842
0.88314
0.88216
0.88127
0.88047
0.87973
0.87906
0.87846
0.87791
0.87741
0.87695
0.87654
0.87616
0.87581
0.87549
0.8752
0.87494
0.87469
0.87447
0.87428
0.8741
0.87395
0.87382
0.87372
0.87364
0.87359
0.87356
0.87356
0.87358
0.87364
0.87371
0.87381
0.87393
0.87407
0.87422
0.87439
0.87455
0.87472
0.87487
0.87501
0.87512
0.8752
0.87524
0.87523
0.87515
0.875
0.87478
0.87446
0.87404
0.87351
0.87286
0.87209
0.87118
0.87013
0.86894
0.8676
0.86611
0.86446
0.86265
0.86068
0.85856
0.85628
0.85385
0.85127
0.84855
0.84569
0.8427
0.83958
0.83635
0.83301
0.82957
0.82604
0.82243
0.81875
0.81501
0.81122
0.80738
0.80351
0.79962
0.79572
0.79181
0.78791
0.78402
0.78015
0.77631
0.7725
0.76874
0.76502
0.76137
0.75777
0.75423
0.75077
0.74738
0.74407
0.74084
0.7377
0.73464
0.73166
0.72878
0.72599
0.72329
0.72068
0.71816
0.71573
0.71339
0.71114
0.70897
0.70688
0.70488
0.70295
0.70109
0.69929
0.69757
0.6959
0.69428
0.69272
0.69119
0.6897
0.68825
0.68682
0.68541
0.68401
0.68263
0.68124
0.67985
0.67846
0.67705
0.67563
0.67418
0.6727
0.6712
0.66967
0.6681
0.6665
0.66486
0.66319
0.66148
0.65973
0.65795
0.65614
0.65429
0.65243
0.65054
0.64863
0.64671
0.64478
0.64285
0.64093
0.63901
0.63712
0.63524
0.63339
0.63158
0.6298
0.62808
0.6264
0.62478
0.62321
0.62171
0.62027
0.6189
0.61759
0.61636
0.61519
0.61409
0.61305
0.61208
0.61117
0.61032
0.60953
0.60879
0.60809
0.60744
0.60683
0.60626
0.60572
0.60521
0.60473
0.60427
0.60382
0.6034
0.60299
0.6026
0.60221
0.60184
0.60148
0.60113
0.60079
0.60046
0.60014
0.59984
0.59954
0.59926
0.59899
0.59874
0.59849
0.59826
0.59805
0.59784
0.59764
0.59746
0.59727
0.5971
0.59692
0.59674
0.59656
0.59636
0.59615
0.59593
0.59568
0.59541
0.5951
0.59476
0.59439
0.59397
0.59351
0.593
0.59244
0.59184
0.59118
0.59048
0.58972
0.58892
0.58807
0.58718
0.58624
0.58527
0.58427
0.58324
0.58219
0.58112
0.58003
0.57894
0.57784
0.57674
0.57564
0.57455
0.57348
0.57241
0.57136
0.57033
0.56931
0.56831
0.56732
0.56635
0.5654
0.56446
0.56352
0.56259
0.56165
0.56072
0.55978
0.55882
0.55785
0.55685
0.55583
0.55477
0.55368
0.55255
0.55137
0.55015
0.54888
0.54755
0.54617
0.54474
0.54325
0.5417
0.54009
0.53843
0.53672
0.53496
0.53314
0.53128
0.52939
0.52745
0.52548
0.52348
0.52145
0.51941
0.51735
0.51528
0.51321
0.51113
0.50907
0.507
0.50496
0.50292
0.50091
0.49892
0.49694
0.495
0.49308
0.49118
0.4893
0.48745
0.48562
0.48381
0.48201
0.48023
0.47845
0.47668
0.47491
0.47313
0.47134
0.46954
0.46772
0.46587
0.464
0.4621
0.46016
0.45819
0.45618
0.45414
0.45205
0.44992
0.44776
0.44556
0.44333
0.44107
0.43878
0.43646
0.43413
0.43178
0.42943
0.42706
0.4247
0.42234
0.42
0.41766
0.41534
0.41305
0.41077
0.40853
0.40631
0.40412
0.40196
0.39984
0.39775
0.39569
0.39366
0.39167
0.38971
0.38778
0.38589
0.38402
0.38219
0.38038
0.37861
0.37688
0.37518
0.37351
0.37188
0.37028
0.36873
0.36722
0.36575
0.36433
0.36296
0.36163
0.36035
0.35912
0.35795
0.35682
0.35574
0.3547
0.35371
0.35276
0.35184
0.35096
0.3501
0.34926
0.34843
0.34761
0.34678
0.34594
0.34509
0.3442
0.34328
0.34232
0.3413
0.34023
0.33908
0.33787
0.33658
0.3352
0.33374
0.33219
0.33056
0.32883
0.32702
0.32512
0.32313
0.32107
0.31894
0.31674
0.31448
0.31218
0.30983
0.30746
0.30506
0.30265
0.30024
0.29784
0.29546
0.29312
0.29081
0.28855
0.28635
0.28421
0.28215
0.28017
0.27827
0.27646
0.27475
0.27314
0.27162
0.27021
0.2689
0.2677
0.2666
0.26561
0.26472
0.26393
0.26324
0.26265
0.26216
0.26175
0.26144
0.26121
0.26106
0.26098
0.26098
0.26104
0.26115
0.26132
0.26152
0.26176
0.26203
0.26231
0.26259
0.26288
0.26314
0.26338
0.26359
0.26375
0.26385
0.26388
0.26384
0.26372
0.2635
0.26318
0.26275
0.26221
0.26156
0.26078
0.25989
0.25888
0.25775
0.2565
0.25515
0.25368
0.25212
0.25046
0.24871
0.24688
0.24499
0.24303
0.24102
0.23896
0.23686
0.23474
0.23258
0.23042
0.22823
0.22604
0.22384
0.22164
0.21943
0.21721
0.21499
0.21276
0.21052
0.20827
0.206
0.2037
0.20139
0.19904
0.19666
0.19425
0.1918
0.18932
0.18679
0.18422
0.18162
0.17898
0.17631
0.17361
0.17088
0.16813
0.16537
0.16261
0.15984
0.15708
0.15433
0.1516
0.1489
0.14624
0.14361
0.14104
0.13851
0.13605
0.13364
0.13129
0.12901
0.12679
0.12464
0.12255
0.12052
0.11855
0.11664
0.11478
0.11298
0.11121
0.10948
0.10779
0.10612
0.10448
0.10286
0.10125
0.099652
0.09806
0.096471
0.094883
0.093293
0.0917
0.090104
0.088504
0.0869
0.085293
0.083683
0.082073
0.080463
0.078854
0.077249
0.075648
0.074052
0.072462
0.070877
0.069297
0.067721
0.066147
0.064573
0.062995
0.061411
0.059816
0.058206
0.056575
0.05492
0.053234
0.051513
0.049753
0.047949
0.046097
0.044195
0.042241
0.040233
0.038172
0.03606
0.033897
0.031689
0.02944
0.027155
0.024843
0.022511
0.020168
0.017823
0.015487
0.01317
0.010882
0.0086347
0.006437
0.0042989
0.0022295
0.00023686
-0.0016718
-0.0034904
-0.0052141
-0.0068391
-0.0083632
-0.0097852
-0.011105
-0.012325
-0.013447
-0.014474
-0.01541
-0.016262
-0.017034
-0.017733
-0.018364
-0.018934
-0.019449
-0.019915
-0.020338
-0.020721
-0.02107
-0.021388
-0.021678
-0.021941
-0.022179
-0.022393
-0.022582
-0.022746
-0.022882
-0.022988
-0.023064
-0.023105
-0.02311
-0.023076
-0.023
-0.02288
-0.022715
-0.022502
-0.02224
-0.02193
-0.021571
-0.021163
-0.020708
-0.020207
-0.019662
-0.019074
-0.018447
-0.017782
-0.017083
-0.016351
-0.015588
-0.014797
-0.013978
-0.013132
-0.01226
-0.01136
-0.010432
-0.0094727
-0.0084793
-0.0074481
-0.0063743
-0.0052527
-0.0040771
-0.0028407
-0.0015362
-0.00015575
0.0013089
0.0028663
0.0045253
0.0062947
0.0081837
0.010201
0.012356
0.014657
0.017112
0.019731
0.022521
0.02549
0.028645
0.031995
0.035546
0.039305
0.043279
0.047473
0.051895
0.056549
0.061441
0.066577
0.07196
0.077596
0.083488
0.089639
0.096051
0.10273
0.10967
0.11687
0.12434
0.13207
0.14006
0.14831
0.1568
0.16553
0.1745
0.18369
0.1931
0.2027
0.2125
0.22247
0.23259
0.24286
0.25325
0.26375
0.27434
0.285
0.29572
0.30646
0.31722
0.32798
0.33872
0.34941
0.36005
0.37061
0.38108
0.39144
0.40168
0.41179
0.42175
0.43154
0.44116
0.4506
0.45984
0.46888
0.4777
0.4863
0.49467
0.50281
0.51071
0.51837
0.52578
0.53294
0.53986
0.54652
0.55294
0.55911
0.56504
0.57074
0.5762
0.58143
0.58645
0.59126
0.59587
0.60029
0.60453
0.6086
0.61252
0.6163
0.61994
0.62347
0.6269
0.63024
0.6335
0.6367
0.63984
0.64296
0.64604
0.64912
0.6522
0.65528
0.65839
0.66153
0.66472
0.66795
0.67124
0.6746
0.67804
0.68155
0.68514
0.68882
0.69259
0.69645
0.7004
0.70444
0.70857
0.71278
0.71708
0.72145
0.72589
0.7304
0.73496
0.73957
0.74422
0.7489
0.75359
0.7583
0.763
0.7677
0.77237
0.77701
0.78161
0.78616
0.79066
0.79509
0.79945
0.80374
0.80793
0.81205
0.81607
0.81999
0.82382
0.82754
0.83117
0.83469
0.83811
0.84143
0.84465
0.84777
0.8508
0.85373
0.85657
0.85932
0.86198
0.86457
0.86708
0.86952
0.87189
0.87419
0.87645
0.87865
0.8808
0.88292
0.885
0.88706
0.88909
0.89111
0.89311
0.89511
0.89711
0.89912
0.90113
0.90315
0.90519
0.90724
0.90932
0.91141
0.91352
0.91564
0.91779
0.91994
0.92211
0.92429
0.92647
0.92865
0.93082
0.93298
0.93512
0.93723
0.93931
0.94135
0.94334
0.94528
0.94715
0.94896
0.95069
0.95235
0.95391
0.95539
0.95677
0.95804
0.95922
0.96028
0.96124
0.96208
0.96281
0.96342
0.96392
0.9643
0.96457
0.96473
0.96477
0.96471
0.96454
0.96427
0.9639
0.96343
0.96288
0.96225
0.96153
0.96075
0.9599
0.95899
0.95803
0.95703
0.95599
0.95493
0.95385
0.95276
0.95166
0.95058
0.9495
0.94845
0.94743
0.94644
0.9455
0.9446
0.94376
0.94297
0.94225
0.9416
0.94101
0.94049
0.94005
0.93967
0.93937
0.93913
0.93896
0.93885
0.93881
0.93882
0.93888
0.93899
0.93913
0.93931
0.93951
0.93973
0.93995
0.94017
0.94038
0.94056
0.94072
0.94083
0.9409
0.9409
0.94084
0.94069
0.94046
0.94013
0.9397
0.93916
0.93851
0.93773
0.93683
0.93581
0.93466
0.93339
0.93199
0.93046
0.92882
0.92706
0.92519
0.92322
0.92115
0.91899
0.91675
0.91444
0.91206
0.90963
0.90716
0.90465
0.90211
0.89955
0.89698
0.8944
0.89183
0.88926
0.88672
0.88419
0.8817
0.87923
0.87681
0.87442
0.87208
0.86979
0.86755
0.86537
0.86325
0.86118
0.85917
0.85723
0.85535
0.85354
0.85179
0.85011
0.8485
0.84694
0.84545
0.84402
0.84264
0.84132
0.84004
0.83881
0.83763
0.83647
0.83535
0.83424
0.83316
0.83208
0.83101
0.82993
0.82885
0.82775
0.82663
0.82548
0.82431
0.82309
0.82184
0.82054
0.8192
0.8178
0.81636
0.81485
0.8133
0.81168
0.81001
0.80828
0.80649
0.80463
0.80272
0.80075
0.79873
0.79664
0.79449
0.79229
0.79004
0.78772
0.78536
0.78294
0.78047
0.77796
0.7754
0.77281
0.77017
0.7675
0.76481
0.76209
0.75935
0.7566
0.75384
0.75108
0.74832
0.74558
0.74286
0.74015
0.73748
0.73485
0.73225
0.7297
0.7272
0.72476
0.72238
0.72006
0.71781
0.71562
0.71351
0.71147
0.70951
0.70762
0.7058
0.70407
0.70241
0.70083
0.69932
0.6979
0.69655
0.69528
0.69408
0.69296
0.69192
0.69094
0.69004
0.68922
0.68846
0.68777
0.68714
0.68657
0.68607
0.68562
0.68522
0.68486
0.68455
0.68428
0.68404
0.68383
0.68363
0.68345
0.68329
0.68312
0.68295
0.68277
0.68258
0.68237
0.68213
0.68187
0.68158
0.68125
0.68088
0.68048
0.68003
0.67954
0.67901
0.67844
0.67782
0.67717
0.67647
0.67575
0.67498
0.67419
0.67337
0.67252
0.67165
0.67076
0.66985
0.66893
0.66799
0.66705
0.66609
0.66512
0.66415
0.66316
0.66216
0.66115
0.66013
0.65909
0.65803
0.65694
0.65583
0.6547
0.65352
0.65231
0.65106
0.64977
0.64842
0.64703
0.64557
0.64406
0.6425
0.64087
0.63918
0.63742
0.63561
0.63374
0.6318
0.62981
0.62777
0.62568
0.62355
0.62138
0.61917
0.61693
0.61466
0.61238
0.61009
0.60779
0.60549
0.6032
0.60091
0.59865
0.59641
0.59419
0.59201
0.58986
0.58775
0.58568
0.58366
0.58169
0.57977
0.5779
0.57609
0.57432
0.57262
0.57096
0.56936
0.56782
0.56633
0.56489
0.5635
0.56216
0.56087
0.55963
0.55843
0.55728
0.55617
0.5551
0.55406
0.55307
0.5521
0.55117
0.55026
0.54938
0.54852
0.54768
0.54685
0.54604
0.54523
0.54442
0.54362
0.54281
0.54199
0.54116
0.54031
0.53943
0.53853
0.5376
0.53664
0.53563
0.53458
0.53349
0.53235
0.53116
0.52992
0.52862
0.52726
0.52585
0.52438
0.52285
0.52126
0.51962
0.51792
0.51617
0.51436
0.51251
0.51061
0.50866
0.50668
0.50465
0.5026
0.50052
0.49842
0.49631
0.49418
0.49205
0.48992
0.4878
0.48569
0.4836
0.48154
0.47951
0.47752
0.47558
0.47369
0.47186
0.4701
0.4684
0.46678
0.46523
0.46377
0.4624
0.46111
0.45991
0.4588
0.45778
0.45686
0.45602
0.45528
0.45462
0.45404
0.45354
0.45312
0.45277
0.45248
0.45226
0.45209
0.45197
0.45189
0.45185
0.45184
0.45186
0.45189
0.45193
0.45198
0.45203
0.45207
0.4521
0.45212
0.45211
0.45207
0.452
0.4519
0.45175
0.45157
0.45133
0.45105
0.45072
0.45033
0.44989
0.44939
0.44884
0.44822
0.44755
0.44682
0.44604
0.44519
0.44429
0.44335
0.44235
0.4413
0.44021
0.43907
0.43791
0.4367
0.43548
0.43422
0.43295
0.43167
0.43038
0.42909
0.4278
0.42653
0.42526
0.42402
0.4228
0.42161
0.42046
0.41935
0.41828
0.41726
0.41629
0.41537
0.4145
0.41369
0.41293
0.41223
0.41159
0.411
0.41046
0.40996
0.40952
0.40912
0.40875
0.40842
0.40812
0.40784
0.40759
0.40736
0.40713
0.40692
0.40672
0.40652
0.40633
0.40614
0.40596
0.40578
0.40561
0.40544
0.40529
0.40515
0.40503
0.40493
0.40487
0.40483
0.40483
0.40487
0.40495
0.40507
0.40525
0.40547
0.40574
0.40605
0.40641
0.4068
0.40723
0.40769
0.40816
0.40864
0.40912
0.40959
0.41004
0.41045
0.41081
0.4111
0.41133
0.41146
0.41149
0.4114
0.41119
0.41085
0.41035
0.40971
0.40891
0.40794
0.4068
0.40549
0.404
0.40234
0.40052
0.39852
0.39637
0.39406
0.3916
0.38901
0.38628
0.38344
0.38049
0.37744
0.37431
0.3711
0.36784
0.36453
0.36118
0.35781
0.35443
0.35104
0.34766
0.34429
0.34095
0.33764
0.33436
0.33113
0.32795
0.32482
0.32174
0.31873
0.31577
0.31288
0.31006
0.3073
0.30461
0.30199
0.29943
0.29695
0.29455
0.29221
0.28996
0.28778
0.28568
0.28367
0.28174
0.27989
0.27814
0.27648
0.27491
0.27344
0.27207
0.2708
0.26962
0.26854
0.26756
0.26667
0.26587
0.26517
0.26454
0.264
0.26353
0.26312
0.26278
0.26248
0.26222
0.262
0.2618
0.26162
0.26144
0.26125
0.26106
0.26084
0.26059
0.2603
0.25996
0.25958
0.25913
0.25863
0.25806
0.25741
0.2567
0.2559
0.25504
0.25409
0.25306
0.25196
0.25078
0.24953
0.2482
0.24681
0.24534
0.24381
0.24222
0.24057
0.23886
0.23711
0.23531
0.23347
0.23159
0.22969
0.22777
0.22582
0.22387
0.22192
0.21997
0.21804
0.21613
0.21424
0.21239
0.21059
0.20885
0.20716
0.20554
0.204
0.20254
0.20117
0.1999
0.19872
0.19765
0.19668
0.19582
0.19507
0.19442
0.19388
0.19344
0.1931
0.19285
0.19269
0.1926
0.19258
0.19262
0.19272
0.19285
0.193
0.19317
0.19335
0.19351
0.19365
0.19376
0.19382
0.19382
0.19376
0.19363
0.19341
0.19309
0.19269
0.19218
0.19157
0.19085
0.19002
0.18909
0.18806
0.18694
0.18571
0.18441
0.18302
0.18156
0.18004
0.17847
0.17685
0.17521
0.17354
0.17185
0.17017
0.16849
0.16682
0.16518
0.16357
0.16199
0.16044
0.15894
0.15749
0.15608
0.15471
0.15339
0.15212
0.15088
0.14967
0.1485
0.14735
0.14622
0.1451
0.144
0.14289
0.14179
0.14067
0.13954
0.1384
0.13723
0.13604
0.13482
0.13357
0.1323
0.13099
0.12965
0.12829
0.12689
0.12547
0.12402
0.12256
0.12107
0.11957
0.11805
0.11653
0.115
0.11347
0.11195
0.11043
0.10891
0.10742
0.10594
0.10449
0.10307
0.10169
0.10035
0.099052
0.097814
0.096641
0.09554
0.094521
0.093593
0.092765
0.092049
0.091454
0.090991
0.090672
0.090507
0.090505
0.090679
0.091037
0.091588
0.092341
0.093303
0.09448
0.095879
0.097504
0.099357
0.10144
0.10376
0.1063
0.10908
0.11209
0.11532
0.11877
0.12244
0.12632
0.1304
0.13469
0.13918
0.14385
0.14871
0.15375
0.15896
0.16435
0.16991
0.17564
0.18153
0.18759
0.1938
0.20019
0.20673
0.21344
0.22032
0.22736
0.23457
0.24195
0.24949
0.25721
0.2651
0.27316
0.28139
0.28978
0.29834
0.30707
0.31595
0.32499
0.33417
0.34349
0.35294
0.36252
0.3722
0.38199
0.39186
0.4018
0.4118
0.42185
0.43192
0.442
0.45208
0.46213
0.47213
0.48208
0.49194
0.5017
0.51135
0.52086
0.53022
0.53942
0.54843
0.55725
0.56586
0.57425
0.58241
0.59033
0.59801
0.60544
0.61261
0.61953
0.6262
0.63261
0.63878
0.64469
0.65037
0.65582
0.66104
0.66605
0.67085
0.67546
0.67988
0.68414
0.68824
0.69219
0.69602
0.69972
0.70333
0.70684
0.71027
0.71364
0.71695
0.72022
0.72346
0.72668
0.72988
0.73308
0.73629
0.7395
0.74273
0.74598
0.74926
0.75256
0.75588
0.75923
0.7626
0.766
0.76941
0.77283
0.77626
0.77968
0.7831
0.7865
0.78987
0.79321
0.7965
0.79973
0.80289
0.80598
0.80899
0.8119
0.81471
0.81741
0.81999
0.82245
0.82479
0.82699
0.82907
0.83102
0.83283
0.83452
0.83608
0.83753
0.83886
0.84008
0.8412
0.84224
0.84319
0.84407
0.84488
0.84564
0.84636
0.84705
0.84771
0.84835
0.84898
0.84962
0.85025
0.85089
0.85154
0.8522
0.85287
0.85356
0.85426
0.85497
0.85568
0.85639
0.8571
0.85779
0.85847
0.85913
0.85975
0.86034
0.86089
0.86139
0.86183
0.86222
0.86254
0.8628
0.86299
0.86312
0.86317
0.86316
0.86308
0.86293
0.86273
0.86247
0.86217
0.86182
0.86143
0.86101
0.86057
0.86012
0.85965
0.85918
0.85871
0.85826
0.85782
0.8574
0.857
0.85664
0.85632
0.85603
0.85578
0.85558
0.85543
0.85532
0.85527
0.85526
0.85531
0.85542
0.85558
0.8558
0.85608
0.85643
0.85683
0.8573
0.85784
0.85844
0.85911
0.85985
0.86067
0.86155
0.8625
0.86352
0.86461
0.86577
0.86699
0.86826
0.8696
0.87098
0.8724
0.87386
0.87535
0.87686
0.87839
0.87992
0.88144
0.88295
0.88445
0.88591
0.88734
0.88872
0.89005
0.89132
0.89253
0.89367
0.89474
0.89573
0.89664
0.89747
0.89823
0.8989
0.89948
0.89999
0.90042
0.90077
0.90105
0.90126
0.90139
0.90146
0.90146
0.90139
0.90127
0.90109
0.90086
0.90057
0.90023
0.89984
0.8994
0.89892
0.8984
0.89783
0.89722
0.89658
0.8959
0.89518
0.89443
0.89366
0.89285
0.89202
0.89117
0.89029
0.8894
0.88849
0.88757
0.88664
0.88569
0.88474
0.88378
0.88282
0.88185
0.88087
0.87989
0.87891
0.87792
0.87692
0.87591
0.87489
0.87386
0.87282
0.87176
0.87069
0.86959
0.86848
0.86735
0.8662
0.86502
0.86382
0.86261
0.86137
0.86011
0.85883
0.85754
0.85623
0.85491
0.85358
0.85223
0.85089
0.84953
0.84818
0.84682
0.84546
0.8441
0.84275
0.84139
0.84004
0.83868
0.83733
0.83597
0.8346
0.83323
0.83184
0.83044
0.82903
0.82759
0.82613
0.82464
0.82312
0.82157
0.81998
0.81835
0.81668
0.81497
0.81321
0.81142
0.80958
0.80769
0.80577
0.8038
0.8018
0.79977
0.79771
0.79562
0.79351
0.79139
0.78925
0.78711
0.78497
0.78284
0.78072
0.77862
0.77654
0.7745
0.77248
0.77051
0.76858
0.7667
0.76486
0.76309
0.76136
0.7597
0.75809
0.75654
0.75504
0.75361
0.75223
0.7509
0.74962
0.74839
0.7472
0.74606
0.74495
0.74387
0.74282
0.74179
0.74079
0.73979
0.73881
0.73784
0.73687
0.7359
0.73493
0.73396
0.73298
0.732
0.73101
0.73001
0.72901
0.728
0.72699
0.72598
0.72498
0.72398
0.72299
0.72201
0.72105
0.72012
0.7192
0.71832
0.71746
0.71664
0.71586
0.71512
0.71441
0.71375
0.71312
0.71254
0.71199
0.71148
0.711
0.71054
0.71011
0.7097
0.7093
0.70891
0.70852
0.70812
0.70771
0.70727
0.70681
0.70631
0.70577
0.70518
0.70454
0.70383
0.70306
0.70221
0.70128
0.70028
0.69918
0.69799
0.69671
0.69534
0.69386
0.69228
0.6906
0.68882
0.68693
0.68494
0.68284
0.68064
0.67834
0.67593
0.67342
0.67082
0.66812
0.66533
0.66244
0.65947
0.65642
0.65328
0.65007
0.64678
0.64343
0.64001
0.63654
0.63301
0.62944
0.62582
0.62217
0.61848
0.61477
0.61104
0.6073
0.60355
0.59979
0.59603
0.59228
0.58854
0.58482
0.58112
0.57743
0.57378
0.57015
0.56656
0.563
0.55948
0.55601
0.55257
0.54919
0.54585
0.54256
0.53932
0.53614
0.53301
0.52994
0.52694
0.524
0.52112
0.51832
0.51559
0.51293
0.51035
0.50785
0.50544
0.50311
0.50086
0.49871
0.49665
0.49467
0.4928
0.49102
0.48933
0.48773
0.48623
0.48482
0.4835
0.48228
0.48113
0.48008
0.4791
0.47821
0.47739
0.47665
0.47598
0.47538
0.47485
0.47438
0.47398
0.47365
0.47338
0.47317
0.47302
0.47293
0.47291
0.47295
0.47306
0.47322
0.47346
0.47375
0.47412
0.47455
0.47504
0.47559
0.47621
0.47688
0.47761
0.47839
0.47922
0.48009
0.481
0.48194
0.4829
0.48388
0.48487
0.48585
0.48684
0.4878
0.48875
0.48966
0.49054
0.49137
0.49215
0.49288
0.49355
0.49416
0.4947
0.49518
0.49559
0.49594
0.49622
0.49643
0.49659
0.4967
0.49675
0.49676
0.49673
0.49666
0.49657
0.49645
0.49632
0.49617
0.49602
0.49587
0.49572
0.49558
0.49545
0.49533
0.49522
0.49512
0.49503
0.49495
0.49487
0.4948
0.49473
0.49465
0.49457
0.49446
0.49434
0.49419
0.494
0.49378
0.49351
0.49319
0.49281
0.49237
0.49186
0.49128
0.49063
0.4899
0.48909
0.48819
0.48721
0.48615
0.485
0.48378
0.48247
0.48108
0.47962
0.47808
0.47648
0.47482
0.4731
0.47132
0.4695
0.46764
0.46575
0.46383
0.46188
0.45992
0.45795
0.45598
0.454
0.45204
0.45008
0.44815
0.44623
0.44434
0.44248
0.44066
0.43887
0.43712
0.43541
0.43375
0.43213
0.43056
0.42905
0.42759
0.42618
0.42483
0.42354
0.42232
0.42115
0.42005
0.41901
0.41804
0.41714
0.41631
0.41555
0.41485
0.41423
0.41368
0.4132
0.41278
0.41244
0.41215
0.41193
0.41177
0.41166
0.4116
0.4116
0.41163
0.4117
0.41181
0.41194
0.4121
0.41227
0.41246
0.41266
0.41287
0.41308
0.41329
0.4135
0.41371
0.41391
0.4141
0.41429
0.41448
0.41466
0.41484
0.41501
0.41519
0.41537
0.41554
0.41572
0.41591
0.4161
0.41629
0.41648
0.41668
0.41687
0.41706
0.41724
0.41741
0.41756
0.41769
0.41779
0.41785
0.41787
0.41783
0.41774
0.41758
0.41735
0.41704
0.41664
0.41615
0.41556
0.41488
0.41408
0.41318
0.41217
0.41105
0.40983
0.40849
0.40706
0.40553
0.40391
0.40221
0.40042
0.39857
0.39666
0.39469
0.39268
0.39064
0.38857
0.38649
0.3844
0.38231
0.38024
0.37818
0.37614
0.37413
0.37216
0.37022
0.36832
0.36646
0.36464
0.36287
0.36114
0.35944
0.35779
0.35617
0.35459
0.35304
0.35151
0.35001
0.34854
0.34707
0.34563
0.3442
0.34277
0.34135
0.33993
0.33851
0.33709
0.33566
0.33423
0.33278
0.33131
0.32983
0.32832
0.32679
0.32523
0.32363
0.322
0.32032
0.3186
0.31683
0.31501
0.31312
0.31118
0.30917
0.30708
0.30493
0.3027
0.30039
0.298
0.29553
0.29298
0.29034
0.28762
0.28481
0.28192
0.27894
0.27588
0.27274
0.26951
0.2662
0.26282
0.25935
0.2558
0.25218
0.24849
0.24472
0.24088
0.23697
0.23299
0.22895
0.22485
0.22069
0.21648
0.21221
0.2079
0.20355
0.19916
0.19474
0.19029
0.18583
0.18135
0.17687
0.17238
0.16791
0.16344
0.159
0.15458
0.15019
0.14583
0.14151
0.13723
0.133
0.12881
0.12467
0.12057
0.11652
0.11252
0.10856
0.10464
0.10076
0.096927
0.093128
0.089364
0.085635
0.08194
0.078278
0.07465
0.071057
0.067502
0.063987
0.060517
0.057096
0.05373
0.050426
0.047191
0.044032
0.040958
0.037977
0.035098
0.032329
0.029679
0.027157
0.024769
0.022524
0.020427
0.018484
0.016699
0.015077
0.01362
0.01233
0.011207
0.01025
0.0094583
0.0088293
0.0083596
0.008045
0.0078806
0.0078612
0.0079808
0.0082331
0.0086117
0.0091098
0.0097209
0.010438
0.011256
0.012166
0.013165
0.014246
0.015404
0.016634
0.017932
0.019293
0.020716
0.022196
0.02373
0.025317
0.026954
0.028638
0.030368
0.032142
0.033957
0.035811
0.037703
0.039628
0.041585
0.04357
0.045578
0.047607
0.049651
0.051705
0.053765
0.055824
0.057877
0.059917
0.061939
0.063935
0.0659
0.067827
0.069711
0.071545
0.073324
0.075042
0.076696
0.07828
0.079792
0.081228
0.082586
0.083865
0.085062
0.086179
0.087214
0.08817
0.089046
0.089847
0.090573
0.091228
0.091816
0.092341
0.092807
0.09322
0.093584
0.093906
0.094191
0.094447
0.09468
0.094899
0.095109
0.095321
0.095542
0.095782
0.09605
0.096355
0.096708
0.097118
0.097598
0.098157
0.098806
0.099557
0.10042
0.10141
0.10253
0.10381
0.10524
0.10684
0.10861
0.11059
0.11276
0.11514
0.11774
0.12058
0.12365
0.12698
0.13056
0.1344
0.13853
0.14293
0.14762
0.1526
0.15789
0.16348
0.16939
0.17561
0.18214
0.189
0.19619
0.20369
0.21152
0.21966
0.22812
0.23688
0.24594
0.25529
0.26491
0.2748
0.28493
0.29528
0.30584
0.31658
0.32748
0.33851
0.34964
0.36084
0.37209
0.38335
0.3946
0.40579
0.41691
0.42792
0.4388
0.44951
0.46003
0.47034
0.48042
0.49024
0.4998
0.50907
0.51805
0.52673
0.53509
0.54315
0.55089
0.55832
0.56544
0.57226
0.57879
0.58502
0.59098
0.59667
0.60211
0.6073
0.61226
0.617
0.62154
0.62587
0.63003
0.63401
0.63783
0.6415
0.64503
0.64842
0.65169
0.65483
0.65787
0.6608
0.66363
0.66637
0.66902
0.67159
0.67409
0.67651
0.67887
0.68117
0.68342
0.68563
0.68779
0.68993
0.69204
0.69413
0.69622
0.69831
0.70041
0.70253
0.70467
0.70685
0.70907
0.71134
0.71366
0.71605
0.71849
0.72101
0.72359
0.72625
0.72897
0.73176
0.73462
0.73753
0.7405
0.7435
0.74655
0.74963
0.75272
0.75582
0.75891
0.76199
0.76505
0.76808
0.77106
0.77398
0.77685
0.77964
0.78237
0.78501
0.78757
0.79005
0.79244
0.79475
0.79697
0.79911
0.80117
0.80316
0.80507
0.80692
0.8087
0.81043
0.81211
0.81375
0.81535
0.81691
0.81844
0.81995
0.82144
0.82292
0.82438
0.82583
0.82728
0.82872
0.83016
0.83161
0.83306
0.83451
0.83598
0.83745
0.83894
0.84045
0.84198
0.84353
0.8451
0.8467
0.84833
0.84999
0.85168
0.85341
0.85518
0.85698
0.85881
0.86069
0.8626
0.86454
0.86652
0.86853
0.87055
0.8726
0.87466
0.87673
0.8788
0.88086
0.8829
0.88492
0.8869
0.88884
0.89072
0.89255
0.8943
0.89596
0.89754
0.89902
0.90039
0.90164
0.90277
0.90378
0.90465
0.90538
0.90597
0.90641
0.90671
0.90687
0.90687
0.90673
0.90644
0.90601
0.90544
0.90473
0.90389
0.90292
0.90183
0.90062
0.8993
0.89788
0.89636
0.89475
0.89306
0.8913
0.88946
0.88758
0.88564
0.88366
0.88165
0.87961
0.87756
0.8755
0.87344
0.87139
0.86936
0.86734
0.86536
0.86341
0.8615
0.85964
0.85782
0.85605
0.85434
0.85269
0.85109
0.84955
0.84806
0.84663
0.84525
0.84392
0.84263
0.84138
0.84017
0.83899
0.83783
0.83669
0.83556
0.83443
0.8333
0.83216
0.83101
0.82984
0.82864
0.82741
0.82615
0.82484
0.82348
0.82208
0.82063
0.81912
0.81756
0.81594
0.81426
0.81253
0.81074
0.80889
0.80699
0.80504
0.80303
0.80098
0.79888
0.79674
0.79456
0.79235
0.79011
0.78784
0.78554
0.78323
0.7809
0.77857
0.77622
0.77388
0.77154
0.7692
0.76688
0.76457
0.76229
0.76002
0.75779
0.75559
0.75342
0.75129
0.74921
0.74716
0.74517
0.74323
0.74134
0.73951
0.73773
0.73601
0.73435
0.73275
0.73122
0.72974
0.72833
0.72698
0.72569
0.72445
0.72328
0.72216
0.72109
0.72007
0.71909
0.71816
0.71726
0.71639
0.71554
0.71472
0.7139
0.7131
0.71229
0.71148
0.71065
0.7098
0.70893
0.70802
0.70707
0.70608
0.70504
0.70394
0.70279
0.70157
0.70029
0.69894
0.69753
0.69605
0.6945
0.69288
0.69119
0.68944
0.68763
0.68576
0.68383
0.68185
0.67982
0.67775
0.67563
0.67348
0.6713
0.66909
0.66687
0.66462
0.66236
0.6601
0.65783
0.65557
0.65332
0.65107
0.64885
0.64665
0.64447
0.64233
0.64022
0.63815
0.63612
0.63415
0.63222
0.63036
0.62855
0.6268
0.62512
0.62351
0.62197
0.6205
0.6191
0.61777
0.61652
0.61535
0.61424
0.61321
0.61224
0.61134
0.6105
0.60973
0.609
0.60833
0.60771
0.60712
0.60657
0.60605
0.60556
0.60508
0.60461
0.60415
0.60369
0.60322
0.60273
0.60223
0.60171
0.60115
0.60056
0.59994
0.59926
0.59854
0.59777
0.59695
0.59606
0.59512
0.59411
0.59303
0.59189
0.59069
0.58941
0.58807
0.58665
0.58517
0.58363
0.58202
0.58034
0.57861
0.57682
0.57498
0.57308
0.57114
0.56916
0.56715
0.5651
0.56303
0.56095
0.55885
0.55674
0.55463
0.55253
0.55045
0.54838
0.54634
0.54433
0.54235
0.54042
0.53853
0.5367
0.53492
0.53319
0.53153
0.52993
0.5284
0.52693
0.52554
0.52421
0.52295
0.52175
0.52063
0.51957
0.51858
0.51765
0.51677
0.51596
0.51521
0.5145
0.51385
0.51324
0.51268
0.51216
0.51167
0.51122
0.5108
0.5104
0.51002
0.50966
0.50932
0.50898
0.50866
0.50833
0.508
0.50767
0.50733
0.50698
0.50661
0.50623
0.50582
0.50539
0.50493
0.50444
0.50393
0.50338
0.50281
0.5022
0.50155
0.50088
0.50018
0.49944
0.49868
0.49789
0.49708
0.49625
0.4954
0.49454
0.49366
0.49278
0.49189
0.491
0.49012
0.48924
0.48836
0.48751
0.48666
0.48583
0.48502
0.48423
0.48345
0.4827
0.48196
0.48125
0.48055
0.47987
0.47921
0.47855
0.47791
0.47727
0.47664
0.47601
0.47537
0.47474
0.47409
0.47344
0.47277
0.47208
0.47138
0.47066
0.46992
0.46915
0.46836
0.46754
0.4667
0.46583
0.46494
0.46402
0.46308
0.46212
0.46114
0.46014
0.45911
0.45808
0.45703
0.45596
0.45489
0.45381
0.45273
0.45164
0.45054
0.44945
0.44835
0.44726
0.44616
0.44507
0.44397
0.44288
0.44178
0.44068
0.43958
0.43847
0.43735
0.43622
0.43507
0.43391
0.43273
0.43153
0.4303
0.42905
0.42778
0.42647
0.42514
0.42378
0.42238
0.42096
0.41951
0.41802
0.41652
0.41498
0.41343
0.41185
0.41025
0.40863
0.407
0.40536
0.4037
0.40204
0.40037
0.39869
0.39701
0.39532
0.39363
0.39192
0.39021
0.38849
0.38675
0.38499
0.38321
0.38141
0.37957
0.3777
0.37578
0.37382
0.3718
0.36972
0.36757
0.36534
0.36304
0.36065
0.35818
0.35561
0.35294
0.35018
0.34732
0.34436
0.34131
0.33816
0.33492
0.3316
0.3282
0.32473
0.3212
0.31763
0.31401
0.31037
0.30673
0.30308
0.29946
0.29586
0.29232
0.28884
0.28544
0.28213
0.27893
0.27585
0.2729
0.2701
0.26744
0.26496
0.26264
0.2605
0.25854
0.25677
0.25519
0.25379
0.25259
0.25158
0.25075
0.25011
0.24964
0.24936
0.24924
0.24928
0.24948
0.24983
0.25032
0.25094
0.25168
0.25254
0.25349
0.25454
0.25566
0.25685
0.2581
0.25939
0.26071
0.26206
0.26341
0.26475
0.26607
0.26736
0.26861
0.2698
0.27092
0.27197
0.27292
0.27377
0.2745
0.27512
0.2756
0.27595
0.27615
0.27621
0.2761
0.27584
0.27541
0.27482
0.27406
0.27313
0.27204
0.27079
0.26937
0.2678
0.26608
0.26421
0.2622
0.26005
0.25778
0.25539
0.25289
0.25029
0.2476
0.24483
0.24199
0.23908
0.23612
0.23311
0.23007
0.22701
0.22393
0.22084
0.21776
0.21468
0.21162
0.20859
0.20559
0.20263
0.19972
0.19686
0.19406
0.19133
0.18866
0.18607
0.18356
0.18113
0.17879
0.17654
0.17438
0.17232
0.17035
0.16848
0.16671
0.16504
0.16346
0.16198
0.16059
0.15929
0.15808
0.15695
0.1559
0.15493
0.15403
0.1532
0.15242
0.1517
0.15103
0.15041
0.14982
0.14927
0.14876
0.14827
0.1478
0.14736
0.14694
0.14653
0.14613
0.14574
0.14537
0.14501
0.14465
0.1443
0.14396
0.14363
0.1433
0.14298
0.14266
0.14234
0.14202
0.14171
0.14139
0.14107
0.14075
0.14042
0.14008
0.13974
0.13938
0.13902
0.13864
0.13825
0.13786
0.13746
0.13705
0.13664
0.13623
0.13583
0.13543
0.13505
0.13469
0.13436
0.13406
0.1338
0.13359
0.13342
0.1333
0.13324
0.13324
0.13331
0.13343
0.13362
