0.050574
0.049061
0.047588
0.046158
0.044776
0.043444
0.042164
0.040938
0.039768
0.038655
0.0376
0.036602
0.035662
0.03478
0.033954
0.033184
0.032469
0.031808
0.0312
0.030644
0.030138
0.029681
0.029273
0.028913
0.0286
0.028334
0.028115
0.027942
0.027817
0.02774
0.027711
0.027731
0.027803
0.027926
0.028101
0.028332
0.028618
0.028961
0.029363
0.029823
0.030345
0.030928
0.031572
0.032279
0.033049
0.033882
0.034777
0.035734
0.036754
0.037836
0.038979
0.040185
0.041451
0.04278
0.044172
0.045629
0.047151
0.048744
0.05041
0.052153
0.053982
0.055901
0.057921
0.060051
0.062302
0.064689
0.067225
0.069927
0.072811
0.075898
0.079208
0.08276
0.086578
0.090684
0.0951
0.099849
0.10495
0.11043
0.11631
0.1226
0.12932
0.13648
0.14409
0.15216
0.1607
0.16969
0.17914
0.18903
0.19935
0.21008
0.2212
0.23267
0.24447
0.25656
0.26889
0.28144
0.29415
0.30698
0.31988
0.3328
0.34571
0.35855
0.37127
0.38385
0.39623
0.40839
0.42029
0.4319
0.44321
0.45418
0.4648
0.47507
0.48497
0.4945
0.50366
0.51245
0.52089
0.52897
0.5367
0.54411
0.5512
0.55799
0.56449
0.57071
0.57668
0.58239
0.58788
0.59314
0.59819
0.60304
0.60769
0.61216
0.61645
0.62056
0.6245
0.62827
0.63187
0.63531
0.63858
0.64168
0.64462
0.64739
0.65
0.65245
0.65474
0.65686
0.65883
0.66065
0.66231
0.66384
0.66522
0.66647
0.6676
0.66861
0.66951
0.67032
0.67104
0.67167
0.67225
0.67276
0.67323
0.67365
0.67405
0.67444
0.67481
0.67518
0.67555
0.67593
0.67634
0.67676
0.67722
0.6777
0.67822
0.67877
0.67936
0.67999
0.68066
0.68137
0.68212
0.68291
0.68374
0.68461
0.68552
0.68647
0.68746
0.68848
0.68955
0.69066
0.6918
0.69299
0.69422
0.69549
0.6968
0.69816
0.69957
0.70102
0.70252
0.70408
0.70569
0.70735
0.70908
0.71087
0.71273
0.71466
0.71667
0.71875
0.72092
0.72318
0.72552
0.72796
0.7305
0.73314
0.73589
0.73875
0.74171
0.74479
0.74797
0.75127
0.75467
0.75818
0.76179
0.7655
0.7693
0.77319
0.77715
0.78118
0.78527
0.78941
0.79358
0.79778
0.80199
0.8062
0.8104
0.81458
0.81873
0.82283
0.82687
0.83085
0.83475
0.83857
0.8423
0.84593
0.84946
0.85288
0.85618
0.85937
0.86245
0.8654
0.86824
0.87096
0.87356
0.87605
0.87842
0.88069
0.88285
0.88491
0.88687
0.88874
0.89052
0.89222
0.89384
0.89538
0.89686
0.89828
0.89964
0.90095
0.90222
0.90345
0.90465
0.90582
0.90697
0.90811
0.90925
0.91038
0.91153
0.91268
0.91387
0.91508
0.91632
0.91762
0.91896
0.92036
0.92183
0.92337
0.92498
0.92668
0.92846
0.93033
0.93229
0.93434
0.93648
0.93871
0.94103
0.94343
0.9459
0.94844
0.95104
0.9537
0.95639
0.9591
0.96183
0.96457
0.96728
0.96997
0.97262
0.97522
0.97774
0.98018
0.98253
0.98477
0.9869
0.9889
0.99077
0.99251
0.9941
0.99555
0.99685
0.99801
0.99902
0.9999
1.0006
1.0012
1.0017
1.0021
1.0024
1.0025
1.0026
1.0026
1.0026
1.0024
1.0023
1.0021
1.0018
1.0016
1.0013
1.0011
1.0008
1.0006
1.0003
1.0001
0.99996
0.99982
0.9997
0.99962
0.99957
0.99955
0.99956
0.9996
0.99967
0.99975
0.99985
0.99996
1.0001
1.0002
1.0003
1.0003
1.0004
1.0004
1.0004
1.0003
1.0001
0.99993
0.99963
0.99926
0.9988
0.99823
0.99757
0.9968
0.99592
0.99493
0.99382
0.99259
0.99124
0.98979
0.98821
0.98653
0.98475
0.98286
0.98088
0.97881
0.97666
0.97445
0.97217
0.96985
0.96748
0.96509
0.96267
0.96025
0.95783
0.95543
0.95304
0.95069
0.94838
0.94612
0.94392
0.94178
0.93971
0.93771
0.9358
0.93397
0.93223
0.93057
0.92901
0.92753
0.92615
0.92486
0.92366
0.92255
0.92152
0.92058
0.91973
0.91895
0.91825
0.91763
0.91708
0.9166
0.91619
0.91584
0.91554
0.9153
0.91511
0.91497
0.91487
0.9148
0.91476
0.91475
0.91476
0.91477
0.9148
0.91482
0.91484
0.91484
0.91482
0.91477
0.91469
0.91457
0.9144
0.91417
0.9139
0.91355
0.91314
0.91266
0.9121
0.91147
0.91075
0.90996
0.90908
0.90811
0.90707
0.90593
0.90472
0.90342
0.90204
0.90059
0.89905
0.89744
0.89576
0.89402
0.8922
0.89032
0.88839
0.8864
0.88435
0.88226
0.88013
0.87795
0.87574
0.8735
0.87123
0.86895
0.86664
0.86432
0.862
0.85966
0.85733
0.85501
0.85269
0.85038
0.84808
0.8458
0.84354
0.8413
0.83907
0.83686
0.83467
0.8325
0.83034
0.82819
0.82606
0.82393
0.8218
0.81967
0.81754
0.8154
0.81324
0.81107
0.80888
0.80666
0.80442
0.80214
0.79983
0.79749
0.79511
0.7927
0.79024
0.78775
0.78522
0.78266
0.78005
0.77742
0.77475
0.77205
0.76933
0.76658
0.76381
0.76102
0.75822
0.7554
0.75258
0.74975
0.74693
0.7441
0.74128
0.73847
0.73567
0.73288
0.73011
0.72736
0.72464
0.72193
0.71926
0.7166
0.71398
0.71138
0.70881
0.70626
0.70374
0.70123
0.69874
0.69626
0.69379
0.69132
0.68884
0.68635
0.68385
0.68131
0.67875
0.67614
0.67348
0.67076
0.66799
0.66514
0.66222
0.65922
0.65613
0.65296
0.6497
0.64635
0.64291
0.63939
0.63579
0.63211
0.62836
0.62455
0.62069
0.61679
0.61285
0.60889
0.60492
0.60096
0.59701
0.59309
0.58922
0.5854
0.58164
0.57797
0.5744
0.57093
0.56757
0.56434
0.56124
0.55829
0.55549
0.55285
0.55037
0.54806
0.54592
0.54396
0.54217
0.54056
0.53913
0.53787
0.53678
0.53586
0.5351
0.5345
0.53406
0.53376
0.53359
0.53356
0.53364
0.53383
0.53412
0.5345
0.53495
0.53547
0.53605
0.53666
0.5373
0.53797
0.53864
0.53931
0.53998
0.54062
0.54123
0.5418
0.54233
0.54281
0.54323
0.54359
0.54388
0.5441
0.54424
0.5443
0.54428
0.54418
0.54399
0.54371
0.54333
0.54287
0.5423
0.54164
0.54088
0.54002
0.53906
0.53798
0.5368
0.53551
0.53411
0.53259
0.53096
0.52921
0.52735
0.52536
0.52327
0.52105
0.51872
0.51628
0.51374
0.51109
0.50833
0.50549
0.50255
0.49953
0.49644
0.49327
0.49005
0.48677
0.48345
0.48009
0.47669
0.47328
0.46985
0.46641
0.46297
0.45953
0.4561
0.45268
0.44928
0.44589
0.44253
0.4392
0.43588
0.43259
0.42933
0.42609
0.42288
0.41969
0.41652
0.41337
0.41024
0.40713
0.40402
0.40094
0.39786
0.39479
0.39173
0.38868
0.38563
0.38258
0.37954
0.37649
0.37345
0.3704
0.36735
0.36429
0.36123
0.35817
0.35509
0.35201
0.34892
0.34583
0.34272
0.33961
0.33648
0.33335
0.33022
0.32707
0.32393
0.32078
0.31763
0.31448
0.31134
0.3082
0.30507
0.30195
0.29885
0.29576
0.29269
0.28963
0.2866
0.28359
0.2806
0.27763
0.27468
0.27175
0.26883
0.26593
0.26304
0.26015
0.25726
0.25437
0.25147
0.24856
0.24562
0.24267
0.23969
0.23667
0.23363
0.23054
0.22742
0.22425
0.22105
0.21781
0.21453
0.21122
0.20788
0.20452
0.20113
0.19774
0.19434
0.19094
0.18754
0.18417
0.18082
0.17751
0.17424
0.17101
0.16784
0.16473
0.16169
0.15872
0.15582
0.153
0.15027
0.14761
0.14504
0.14255
0.14014
0.13781
0.13556
0.13338
0.13127
0.12924
0.12726
0.12534
0.12348
0.12167
0.1199
0.11818
0.11649
0.11483
0.1132
0.11159
0.11
0.10844
0.10688
0.10534
0.1038
0.10228
0.10076
0.09924
0.097727
0.096218
0.094711
0.093208
0.091707
0.090211
0.088719
0.087232
0.085752
0.08428
0.082818
0.081366
0.079925
0.078498
0.077086
0.07569
0.074311
0.072951
0.07161
0.07029
0.068991
0.067715
0.066461
0.065231
0.064025
0.062844
0.061687
0.060555
0.059449
0.058369
0.057314
0.056286
0.055285
0.05431
0.053363
0.052444
0.051553
0.05069
0.049856
0.049052
0.048278
0.047535
0.046823
0.046142
0.045493
0.044876
0.044292
0.043741
0.043222
0.042737
0.042284
0.041864
0.041477
0.041121
0.040797
0.040505
0.040243
0.040011
0.039808
0.039633
0.039486
0.039366
0.039272
0.039202
0.039157
0.039135
0.039135
0.039157
0.039199
0.039261
0.039341
0.039439
0.039554
0.039686
0.039832
0.039993
0.040167
0.040354
0.040553
0.040764
0.040985
0.041216
0.041457
0.041707
0.041965
0.042232
0.042507
0.04279
0.04308
0.043379
0.043685
0.043999
0.044321
0.044651
0.044989
0.045334
0.045686
0.046045
0.04641
0.046781
0.047156
0.047534
0.047913
0.048292
0.048667
0.049037
0.049399
0.049749
0.050085
0.050403
0.050698
0.050967
0.051207
0.051414
0.051582
0.05171
0.051794
0.051829
0.051814
0.051747
0.051624
0.051445
0.051208
0.050913
0.05056
0.05015
0.049684
0.049163
0.04859
0.047968
0.0473
0.046588
0.045838
0.045052
0.044236
0.043394
0.042529
0.041647
0.040751
0.039846
0.038935
0.038022
0.03711
0.036203
0.035302
0.03441
0.033529
0.03266
0.031805
0.030964
0.030137
0.029326
0.028528
0.027746
0.026977
0.026221
0.025479
0.024748
0.024029
0.023321
0.022623
0.021935
0.021256
0.020586
0.019924
0.019271
0.018626
0.01799
0.017362
0.016741
0.016128
0.015523
0.014925
0.014332
0.013746
0.013163
0.012583
0.012004
0.011424
0.010841
0.010253
0.0096562
0.0090484
0.0084265
0.0077875
0.0071282
0.0064458
0.0057375
0.0050005
0.0042328
0.0034325
0.0025981
0.0017289
0.00082464
-0.00011438
-0.001087
-0.0020916
-0.0031256
-0.004186
-0.0052689
-0.0063701
-0.0074845
-0.0086069
-0.0097314
-0.010852
-0.011962
-0.013056
-0.014127
-0.015169
-0.016175
-0.01714
-0.018058
-0.018924
-0.019734
-0.020484
-0.021169
-0.021787
-0.022336
-0.022813
-0.023216
-0.023546
-0.0238
-0.023979
-0.024082
-0.024111
-0.024064
-0.023942
-0.023746
-0.023476
-0.023132
-0.022715
-0.022223
-0.021658
-0.021018
-0.020302
-0.019511
-0.018642
-0.017694
-0.016667
-0.015556
-0.014362
-0.013081
-0.011711
-0.010249
-0.0086911
-0.0070351
-0.0052767
-0.0034117
-0.0014354
0.00065715
0.0028717
0.0052143
0.0076917
0.010311
0.013081
0.016009
0.019104
0.022377
0.025836
0.029493
0.033356
0.037437
0.041745
0.04629
0.051082
0.056127
0.061434
0.067008
0.072853
0.078973
0.085367
0.092034
0.098972
0.10617
0.11363
0.12134
0.12928
0.13744
0.1458
0.15435
0.16306
0.17193
0.18091
0.19001
0.19918
0.20841
0.21768
0.22697
0.23625
0.24551
0.25474
0.26391
0.27301
0.28203
0.29097
0.2998
0.30853
0.31715
0.32566
0.33406
0.34235
0.35052
0.35858
0.36654
0.3744
0.38216
0.38982
0.39739
0.40488
0.41228
0.41961
0.42686
0.43403
0.44114
0.44817
0.45513
0.46203
0.46885
0.47559
0.48227
0.48886
0.49538
0.50181
0.50815
0.5144
0.52056
0.52661
0.53256
0.53839
0.54411
0.54971
0.55519
0.56054
0.56575
0.57083
0.57577
0.58057
0.58523
0.58975
0.59412
0.59834
0.60243
0.60637
0.61018
0.61385
0.61739
0.6208
0.62409
0.62725
0.63031
0.63326
0.63611
0.63886
0.64152
0.64409
0.64659
0.64901
0.65136
0.65365
0.65588
0.65804
0.66016
0.66222
0.66423
0.6662
0.66812
0.66999
0.67182
0.67361
0.67535
0.67705
0.67871
0.68033
0.6819
0.68344
0.68494
0.6864
0.68783
0.68923
0.6906
0.69194
0.69327
0.69459
0.69589
0.69719
0.6985
0.69981
0.70114
0.7025
0.70388
0.70531
0.70678
0.70829
0.70987
0.71151
0.71321
0.71499
0.71684
0.71877
0.72077
0.72286
0.72503
0.72728
0.7296
0.732
0.73448
0.73703
0.73964
0.74232
0.74505
0.74785
0.75069
0.75358
0.75652
0.7595
0.76252
0.76558
0.76868
0.77181
0.77498
0.77818
0.78142
0.78469
0.788
0.79136
0.79475
0.79819
0.80167
0.80519
0.80877
0.81239
0.81605
0.81976
0.82352
0.82732
0.83116
0.83504
0.83895
0.84288
0.84684
0.85082
0.85481
0.85881
0.8628
0.86678
0.87075
0.87471
0.87863
0.88252
0.88638
0.8902
0.89397
0.8977
0.90138
0.90501
0.9086
0.91214
0.91564
0.9191
0.92251
0.92589
0.92924
0.93257
0.93587
0.93915
0.94241
0.94566
0.9489
0.95213
0.95534
0.95855
0.96174
0.96492
0.96807
0.97121
0.9743
0.97736
0.98037
0.98333
0.98621
0.98902
0.99174
0.99437
0.99688
0.99927
1.0015
1.0037
1.0056
1.0075
1.0091
1.0106
1.0119
1.0131
1.0141
1.0149
1.0156
1.016
1.0164
1.0165
1.0166
1.0165
1.0162
1.0159
1.0154
1.0149
1.0142
1.0135
1.0127
1.0119
1.011
1.01
1.0091
1.0081
1.0071
1.0061
1.0051
1.0041
1.003
1.002
1.001
1
0.99907
0.9981
0.99713
0.99618
0.99524
0.9943
0.99337
0.99245
0.99153
0.99061
0.9897
0.98879
0.98789
0.98699
0.9861
0.98521
0.98432
0.98345
0.98258
0.98172
0.98086
0.98002
0.97919
0.97837
0.97757
0.97677
0.97599
0.97521
0.97445
0.97369
0.97294
0.97219
0.97145
0.9707
0.96995
0.96919
0.96843
0.96765
0.96686
0.96606
0.96525
0.96441
0.96356
0.9627
0.96182
0.96093
0.96003
0.95912
0.9582
0.95729
0.95638
0.95547
0.95457
0.95369
0.95283
0.95199
0.95117
0.95038
0.94961
0.94887
0.94816
0.94747
0.94681
0.94616
0.94553
0.94491
0.94429
0.94367
0.94304
0.9424
0.94173
0.94104
0.94031
0.93955
0.93874
0.93789
0.93699
0.93604
0.93503
0.93398
0.93288
0.93173
0.93054
0.92932
0.92807
0.92679
0.9255
0.9242
0.92289
0.9216
0.92031
0.91904
0.9178
0.91658
0.91539
0.91424
0.91313
0.91205
0.91101
0.91
0.90903
0.90808
0.90716
0.90625
0.90537
0.90449
0.90361
0.90273
0.90185
0.90095
0.90003
0.89909
0.89812
0.89712
0.89609
0.89502
0.89392
0.89278
0.8916
0.8904
0.88915
0.88788
0.88659
0.88526
0.88392
0.88256
0.88118
0.8798
0.8784
0.87701
0.87561
0.87421
0.87282
0.87143
0.87005
0.86867
0.8673
0.86593
0.86457
0.8632
0.86183
0.86045
0.85906
0.85765
0.85622
0.85476
0.85326
0.85173
0.85014
0.8485
0.84681
0.84504
0.84321
0.84131
0.83932
0.83726
0.83512
0.83289
0.83059
0.82821
0.82575
0.82322
0.82062
0.81797
0.81526
0.81252
0.80975
0.80695
0.80415
0.80136
0.79858
0.79582
0.79311
0.79045
0.78785
0.78533
0.78288
0.78053
0.77827
0.77611
0.77406
0.77211
0.77027
0.76853
0.7669
0.76535
0.7639
0.76253
0.76124
0.76
0.75882
0.75768
0.75657
0.75547
0.75438
0.75329
0.75217
0.75103
0.74986
0.74863
0.74735
0.74602
0.74462
0.74314
0.7416
0.73998
0.73829
0.73652
0.73468
0.73277
0.73079
0.72874
0.72663
0.72446
0.72224
0.71996
0.71762
0.71525
0.71282
0.71035
0.70783
0.70528
0.70268
0.70003
0.69734
0.6946
0.69182
0.68898
0.6861
0.68315
0.68016
0.6771
0.67399
0.67082
0.66758
0.66429
0.66093
0.65751
0.65403
0.6505
0.6469
0.64324
0.63953
0.63577
0.63195
0.62807
0.62414
0.62016
0.61612
0.61202
0.60787
0.60364
0.59936
0.595
0.59056
0.58605
0.58145
0.57676
0.57197
0.56708
0.56208
0.55698
0.55177
0.54644
0.541
0.53545
0.52979
0.52402
0.51816
0.5122
0.50616
0.50006
0.49389
0.48769
0.48145
0.4752
0.46895
0.46273
0.45654
0.45041
0.44435
0.43838
0.43251
0.42677
0.42116
0.4157
0.41039
0.40525
0.40029
0.39551
0.39091
0.38651
0.3823
0.37829
0.37447
0.37084
0.36741
0.36416
0.3611
0.35822
0.35552
0.353
0.35064
0.34844
0.34641
0.34453
0.3428
0.34122
0.33978
0.33848
0.33731
0.33627
0.33536
0.33456
0.33388
0.3333
0.33282
0.33244
0.33215
0.33193
0.33179
0.33171
0.33168
0.3317
0.33176
0.33184
0.33195
0.33206
0.33218
0.3323
0.3324
0.33248
0.33254
0.33257
0.33257
0.33253
0.33245
0.33234
0.33219
0.332
0.33177
0.33151
0.33122
0.3309
0.33056
0.3302
0.32983
0.32944
0.32904
0.32864
0.32823
0.32782
0.32741
0.327
0.32658
0.32617
0.32575
0.32532
0.32488
0.32442
0.32394
0.32343
0.32289
0.32232
0.3217
0.32103
0.3203
0.31951
0.31866
0.31774
0.31674
0.31568
0.31453
0.31331
0.31202
0.31065
0.3092
0.30769
0.30612
0.30449
0.30281
0.30108
0.29931
0.29751
0.29568
0.29384
0.292
0.29015
0.2883
0.28647
0.28465
0.28286
0.28109
0.27935
0.27764
0.27596
0.2743
0.27267
0.27107
0.26948
0.2679
0.26632
0.26474
0.26314
0.26153
0.25988
0.25818
0.25643
0.25463
0.25274
0.25078
0.24873
0.24658
0.24434
0.24199
0.23953
0.23696
0.23428
0.2315
0.22862
0.22563
0.22256
0.2194
0.21617
0.21286
0.20951
0.20611
0.20267
0.19921
0.19574
0.19227
0.18882
0.18538
0.18197
0.17861
0.17529
0.17202
0.16882
0.16568
0.16261
0.15961
0.15669
0.15384
0.15106
0.14836
0.14574
0.14319
0.14071
0.1383
0.13595
0.13367
0.13146
0.1293
0.1272
0.12516
0.12317
0.12124
0.11936
0.11752
0.11574
0.114
0.11231
0.11067
0.10907
0.10752
0.10602
0.10456
0.10315
0.10178
0.10046
0.099182
0.097948
0.096758
0.095611
0.094505
0.093441
0.092416
0.091429
0.09048
0.089565
0.088684
0.087834
0.087014
0.086221
0.085452
0.084707
0.083981
0.083273
0.082581
0.0819
0.081229
0.080566
0.079907
0.079251
0.078594
0.077935
0.077272
0.076602
0.075923
0.075235
0.074535
0.073823
0.073097
0.072356
0.071601
0.070831
0.070045
0.069245
0.06843
0.067602
0.06676
0.065906
0.065041
0.064167
0.063284
0.062394
0.061499
0.0606
0.059699
0.058797
0.057895
0.056995
0.056098
0.055206
0.05432
0.05344
0.052569
0.051706
0.050853
0.050011
0.04918
0.048362
0.047557
0.046765
0.045988
0.045226
0.04448
0.043751
0.043039
0.042347
0.041674
0.041021
0.040391
0.039782
0.039198
0.038638
0.038104
0.037596
0.037115
0.036663
0.036239
0.035845
0.03548
0.035145
0.03484
0.034565
0.034318
0.034101
0.033911
0.033748
0.033612
0.033499
0.033411
0.033343
0.033297
0.033269
0.033258
0.033262
0.033281
0.033311
0.033353
0.033405
0.033465
0.033532
0.033606
0.033685
0.03377
0.03386
0.033953
0.034051
0.034152
0.034257
0.034366
0.034479
0.034596
0.034716
0.03484
0.034967
0.035097
0.03523
0.035365
0.035501
0.035638
0.035774
0.035908
0.036038
0.036162
0.036279
0.036387
0.036483
0.036565
0.03663
0.036676
0.036701
0.0367
0.036672
0.036615
0.036525
0.036399
0.036237
0.036034
0.03579
0.035502
0.035169
0.03479
0.034363
0.033887
0.033363
0.03279
0.032169
0.031499
0.030781
0.030017
0.029207
0.028354
0.027458
0.026523
0.02555
0.024542
0.023501
0.022431
0.021333
0.020211
0.019068
0.017907
0.016732
0.015545
0.014349
0.013149
0.011947
0.010746
0.0095502
0.0083622
0.0071854
0.0060229
0.0048779
0.0037534
0.0026525
0.0015781
0.00053312
-0.0004797
-0.0014577
-0.0023982
-0.0032988
-0.0041573
-0.0049714
-0.0057391
-0.0064586
-0.0071283
-0.0077465
-0.0083121
-0.0088239
-0.009281
-0.0096825
-0.010028
-0.010317
-0.010549
-0.010723
-0.010841
-0.010902
-0.010905
-0.010852
-0.010742
-0.010575
-0.010351
-0.010071
-0.0097337
-0.0093395
-0.008888
-0.0083789
-0.0078117
-0.0071857
-0.0065005
-0.0057553
-0.0049494
-0.0040822
-0.0031531
-0.0021616
-0.0011075
9.4133e-06
0.0011891
0.0024312
0.0037351
0.0051
0.0065247
0.0080078
0.0095478
0.011143
0.012792
0.014492
0.016242
0.018041
0.019888
0.021782
0.023724
0.025715
0.027758
0.029855
0.032012
0.034235
0.036531
0.038909
0.041379
0.043954
0.046647
0.049472
0.052444
0.05558
0.058896
0.062408
0.066135
0.07009
0.074291
0.078751
0.083482
0.088494
0.093797
0.099396
0.10529
0.11149
0.11798
0.12476
0.13182
0.13915
0.14673
0.15455
0.16258
0.1708
0.17919
0.18773
0.19638
0.20512
0.21393
0.22277
0.23163
0.24047
0.24929
0.25805
0.26673
0.27533
0.28383
0.29221
0.30047
0.3086
0.3166
0.32446
0.33218
0.33976
0.34721
0.35453
0.36172
0.36878
0.37572
0.38255
0.38926
0.39587
0.40237
0.40877
0.41507
0.42126
0.42736
0.43335
0.43924
0.44503
0.4507
0.45625
0.46169
0.467
0.47218
0.47722
0.48213
0.48688
0.49148
0.49592
0.50019
0.5043
0.50823
0.51199
0.51558
0.51898
0.52221
0.52526
0.52814
0.53084
0.53338
0.53575
0.53796
0.54003
0.54195
0.54373
0.54539
0.54694
0.54837
0.54972
0.55098
0.55217
0.55329
0.55437
0.55541
0.55641
0.5574
0.55837
0.55934
0.56032
0.5613
0.56231
0.56334
0.5644
0.56548
0.56661
0.56777
0.56896
0.5702
0.57148
0.5728
0.57416
0.57556
0.57701
0.5785
0.58004
0.58162
0.58325
0.58493
0.58666
0.58844
0.59028
0.59219
0.59416
0.5962
0.59831
0.6005
0.60277
0.60513
0.60758
0.61012
0.61275
0.61549
0.61832
0.62125
0.62427
0.6274
0.63061
0.63392
0.63731
0.64078
0.64432
0.64793
0.65159
0.6553
0.65905
0.66282
0.66661
0.67041
0.67421
0.67799
0.68175
0.68548
0.68916
0.69279
0.69636
0.69987
0.70331
0.70667
0.70995
0.71315
0.71626
0.71929
0.72224
0.7251
0.72787
0.73057
0.7332
0.73575
0.73823
0.74065
0.74302
0.74532
0.74758
0.7498
0.75197
0.7541
0.75619
0.75825
0.76027
0.76226
0.76421
0.76612
0.76799
0.76982
0.7716
0.77332
0.77498
0.77659
0.77812
0.77959
0.78098
0.78229
0.78352
0.78466
0.78573
0.78671
0.78761
0.78843
0.78918
0.78986
0.79048
0.79105
0.79158
0.79206
0.79252
0.79297
0.7934
0.79384
0.79429
0.79477
0.79526
0.7958
0.79637
0.79699
0.79766
0.79838
0.79914
0.79996
0.80084
0.80175
0.80272
0.80372
0.80477
0.80584
0.80695
0.80808
0.80924
0.81041
0.8116
0.8128
0.81401
0.81523
0.81646
0.8177
0.81895
0.82021
0.82148
0.82276
0.82405
0.82535
0.82666
0.82799
0.82932
0.83066
0.83202
0.83337
0.83473
0.83608
0.83742
0.83875
0.84005
0.84133
0.84258
0.84378
0.84494
0.84605
0.84709
0.84807
0.84897
0.8498
0.85054
0.8512
0.85177
0.85225
0.85264
0.85294
0.85314
0.85325
0.85327
0.8532
0.85304
0.8528
0.85247
0.85206
0.85157
0.85101
0.85038
0.84967
0.8489
0.84806
0.84717
0.84621
0.8452
0.84414
0.84303
0.84188
0.84069
0.83946
0.83819
0.83691
0.8356
0.83427
0.83294
0.83161
0.83029
0.82897
0.82768
0.82642
0.8252
0.82402
0.82289
0.82183
0.82082
0.8199
0.81904
0.81828
0.8176
0.81701
0.81651
0.8161
0.8158
0.81558
0.81546
0.81544
0.81551
0.81566
0.8159
0.81622
0.81663
0.8171
0.81765
0.81826
0.81894
0.81966
0.82045
0.82127
0.82214
0.82304
0.82397
0.82492
0.82588
0.82685
0.82781
0.82877
0.8297
0.83059
0.83144
0.83224
0.83297
0.83361
0.83416
0.83461
0.83493
0.83512
0.83516
0.83505
0.83476
0.8343
0.83365
0.83281
0.83176
0.83051
0.82905
0.82738
0.8255
0.82342
0.82114
0.81866
0.816
0.81315
0.81014
0.80696
0.80364
0.80019
0.79661
0.79293
0.78915
0.78529
0.78136
0.77737
0.77334
0.76928
0.7652
0.76111
0.75702
0.75294
0.74888
0.74485
0.74085
0.7369
0.733
0.72915
0.72538
0.72167
0.71803
0.71448
0.71102
0.70765
0.70438
0.70121
0.69815
0.69521
0.69237
0.68966
0.68708
0.68461
0.68228
0.68008
0.67802
0.67608
0.67429
0.67262
0.67109
0.66969
0.66843
0.66729
0.66627
0.66538
0.66459
0.66392
0.66336
0.66289
0.66251
0.66221
0.66199
0.66183
0.66173
0.66167
0.66165
0.66165
0.66167
0.6617
0.66171
0.66171
0.66168
0.66161
0.66149
0.66132
0.66107
0.66075
0.66034
0.65984
0.65925
0.65855
0.65774
0.65682
0.65579
0.65464
0.65337
0.65199
0.6505
0.64889
0.64717
0.64534
0.64342
0.64139
0.63927
0.63707
0.63479
0.63243
0.63001
0.62753
0.62499
0.6224
0.61977
0.6171
0.6144
0.61168
0.60894
0.60618
0.60341
0.60064
0.59786
0.59509
0.59232
0.58956
0.58681
0.58407
0.58136
0.57866
0.57599
0.57334
0.57072
0.56813
0.56557
0.56304
0.56055
0.55809
0.55566
0.55328
0.55092
0.54861
0.54632
0.54407
0.54185
0.53965
0.53748
0.53533
0.53319
0.53106
0.52894
0.52681
0.52468
0.52253
0.52036
0.51816
0.51593
0.51365
0.51133
0.50896
0.50653
0.50404
0.50149
0.49886
0.49616
0.49339
0.49055
0.48763
0.48464
0.48157
0.47844
0.47525
0.47199
0.46867
0.46531
0.46189
0.45844
0.45495
0.45143
0.44789
0.44434
0.44077
0.4372
0.43363
0.43006
0.4265
0.42296
0.41944
0.41594
0.41246
0.40901
0.40559
0.4022
0.39884
0.39552
0.39223
0.38898
0.38577
0.38259
0.37945
0.37634
0.37328
0.37024
0.36725
0.36429
0.36137
0.35849
0.35564
0.35283
0.35006
0.34733
0.34463
0.34197
0.33935
0.33677
0.33422
0.33171
0.32925
0.32682
0.32443
0.32207
0.31976
0.31748
0.31525
0.31305
0.31089
0.30876
0.30667
0.30462
0.3026
0.30061
0.29865
0.29672
0.29482
0.29294
0.29108
0.28924
0.28741
0.2856
0.28379
0.28199
0.28018
0.27837
0.27655
0.27472
0.27287
0.271
0.26911
0.2672
0.26525
0.26328
0.26127
0.25924
0.25717
0.25508
0.25295
0.25081
0.24864
0.24645
0.24425
0.24204
0.23984
0.23763
0.23544
0.23326
0.23111
0.22899
0.22691
0.22487
0.22288
0.22094
0.21906
0.21725
0.21551
0.21384
0.21224
0.21072
0.20927
0.20791
0.20661
0.2054
0.20426
0.20319
0.20219
0.20126
0.2004
0.19959
0.19885
0.19816
0.19753
0.19694
0.19639
0.19589
0.19542
0.19499
0.19459
0.19422
0.19387
0.19355
0.19324
0.19295
0.19267
0.19241
0.19216
0.19191
0.19168
0.19145
0.19122
0.191
0.19078
0.19057
0.19036
0.19015
0.18995
0.18974
0.18955
0.18935
0.18916
0.18898
0.1888
0.18863
0.18846
0.1883
0.18815
0.18801
0.18787
0.18775
0.18762
0.18751
0.1874
0.1873
0.1872
0.1871
0.18699
0.18689
0.18677
0.18665
0.18651
0.18636
0.18618
0.18598
0.18575
0.18548
0.18518
0.18483
0.18443
0.18398
0.18347
0.1829
0.18226
0.18155
0.18077
0.17992
0.17899
0.17799
0.1769
0.17574
0.1745
0.17319
0.1718
0.17035
0.16883
0.16725
0.16561
0.16393
0.1622
0.16044
0.15864
0.15683
0.155
0.15316
0.15132
0.14948
0.14766
0.14585
0.14407
0.14231
0.14058
0.13888
0.13722
0.13559
0.13399
0.13243
0.13091
0.12942
0.12795
0.12652
0.12511
0.12372
0.12235
0.12099
0.11965
0.11832
0.11701
0.1157
0.1144
0.11311
0.11182
0.11056
0.1093
0.10806
0.10684
0.10564
0.10447
0.10333
0.10223
0.10117
0.10014
0.099168
0.098242
0.097367
0.096545
0.095778
0.095066
0.094407
0.093801
0.093245
0.092736
0.09227
0.091843
0.09145
0.091084
0.090742
0.090415
0.090098
0.089786
0.08947
0.089147
0.08881
0.088455
0.088076
0.087671
0.087235
0.086767
0.086264
0.085725
0.08515
0.084538
0.08389
0.083207
0.08249
0.081742
0.080963
0.080157
0.079324
0.078469
0.077592
0.076695
0.075782
0.074852
0.073908
0.072952
0.071983
0.071004
0.070014
0.069014
0.068006
0.066987
0.065961
0.064926
0.063883
0.062832
0.061774
0.060711
0.059642
0.05857
0.057495
0.056419
0.055345
0.054274
0.053208
0.05215
0.051102
0.050067
0.049047
0.048046
0.047065
0.046107
0.045174
0.044268
0.043392
0.042546
0.041733
0.040953
0.040208
0.039498
0.038824
0.038185
0.037581
0.037013
0.036479
0.035978
0.035511
0.035074
0.034668
0.03429
0.03394
0.033615
0.033314
0.033036
0.032777
0.032537
0.032314
0.032106
0.031912
0.031728
0.031554
0.031388
0.031228
0.031072
0.030918
0.030765
0.030612
0.030455
0.030294
0.030128
0.029953
0.02977
0.029576
0.02937
0.02915
0.028916
0.028665
0.028397
0.028111
0.027805
0.027479
0.027133
0.026765
0.026375
0.025964
0.025531
0.025077
0.024602
0.024107
0.023592
0.02306
0.022511
0.021948
0.021372
0.020785
0.020189
0.019588
0.018982
0.018376
0.017771
0.017172
0.016579
0.015996
0.015426
0.014871
0.014333
0.013815
0.013319
0.012846
0.012399
0.011977
0.011584
0.011218
0.010881
0.010574
0.010295
0.010046
0.0098251
0.0096325
0.0094674
0.0093291
0.0092166
0.0091292
0.0090659
0.0090257
0.009008
0.0090117
0.0090364
0.0090812
0.0091459
0.0092299
0.0093332
0.0094554
0.0095966
0.009757
0.0099366
0.010136
0.010355
0.010593
0.010853
0.011132
0.011433
0.011754
0.012095
0.012458
0.01284
0.013242
0.013664
0.014104
0.014562
0.015036
0.015526
0.016031
0.016549
0.01708
0.017622
0.018174
0.018735
0.019306
0.019884
0.02047
0.021064
0.021666
0.022277
0.022898
0.02353
0.024174
0.024834
0.025512
0.02621
0.026934
0.027687
0.028474
0.029301
0.030175
0.031102
0.032091
0.03315
0.034289
0.035519
0.036851
0.038298
0.039873
0.041592
0.043468
0.045518
0.04776
0.050209
0.052883
0.0558
0.058977
0.062432
0.06618
0.070236
0.074615
0.079329
0.084388
0.0898
0.09557
0.1017
0.10819
0.11504
0.12224
0.12978
0.13764
0.14582
0.15429
0.16302
0.172
0.18119
0.19057
0.20011
0.20977
0.21953
0.22935
0.2392
0.24906
0.25889
0.26867
0.27837
0.28798
0.29747
0.30684
0.31605
0.32512
0.33403
0.34278
0.35136
0.35978
0.36804
0.37615
0.38412
0.39194
0.39964
0.40723
0.4147
0.42207
0.42936
0.43656
0.44368
0.45073
0.45771
0.46462
0.47147
0.47826
0.48497
0.49161
0.49817
0.50464
0.51101
0.51728
0.52344
0.52947
0.53536
0.5411
0.54668
0.5521
0.55733
0.56238
0.56722
0.57186
0.57628
0.58048
0.58445
0.58819
0.5917
0.59498
0.59802
0.60083
0.60341
0.60576
0.60788
0.60979
0.61149
0.61298
0.61428
0.61538
0.61631
0.61707
0.61767
0.61812
0.61844
0.61862
0.61869
0.61864
0.6185
0.61828
0.61797
0.61759
0.61716
0.61667
0.61613
0.61556
0.61496
0.61434
0.61371
0.61306
0.61242
0.61178
0.61115
0.61053
0.60995
0.60939
0.60887
0.6084
0.60798
0.60762
0.60733
0.60711
0.60698
0.60694
0.60699
0.60715
0.60742
0.60781
0.60833
0.60896
0.60973
0.61063
0.61167
0.61283
0.61413
0.61556
0.61711
0.61879
0.62058
0.62247
0.62446
0.62655
0.62871
0.63094
0.63324
0.63558
0.63796
0.64036
0.64279
0.64522
0.64766
0.65008
0.65249
0.65488
0.65724
0.65957
0.66187
0.66412
0.66634
0.66852
0.67067
0.67277
0.67484
0.67687
0.67887
0.68085
0.68279
0.68472
0.68663
0.68852
0.69039
0.69226
0.69413
0.69599
0.69785
0.69971
0.70157
0.70343
0.7053
0.70718
0.70907
0.71096
0.71286
0.71477
0.71668
0.7186
0.72053
0.72246
0.7244
0.72635
0.7283
0.73025
0.73221
0.73417
0.73613
0.73809
0.74006
0.74203
0.744
0.74596
0.74794
0.74991
0.75188
0.75385
0.75582
0.75779
0.75975
0.76172
0.76367
0.76563
0.76758
0.76952
0.77145
0.77337
0.77527
0.77716
0.77903
0.78088
0.7827
0.7845
0.78627
0.78801
0.78971
0.79138
0.79301
0.79461
0.79616
0.79768
0.79915
0.80059
0.80199
0.80336
0.8047
0.80601
0.80729
0.80855
0.8098
0.81103
0.81226
0.81349
0.81472
0.81595
0.8172
0.81846
0.81975
0.82106
0.82239
0.82375
0.82514
0.82656
0.82802
0.8295
0.83101
0.83255
0.83413
0.83572
0.83735
0.83899
0.84066
0.84235
0.84406
0.84579
0.84753
0.8493
0.85108
0.85288
0.8547
0.85655
0.85842
0.86031
0.86223
0.86419
0.86617
0.86819
0.87025
0.87235
0.87448
0.87665
0.87886
0.88111
0.8834
0.88571
0.88806
0.89043
0.89283
0.89524
0.89766
0.90008
0.9025
0.9049
0.90729
0.90964
0.91196
0.91424
0.91647
0.91863
0.92074
0.92277
0.92473
0.9266
0.92839
0.93009
0.93171
0.93323
0.93466
0.93599
0.93723
0.93839
0.93945
0.94043
0.94132
0.94213
0.94286
0.94351
0.94409
0.9446
0.94504
0.94541
0.94572
0.94596
0.94614
0.94625
0.9463
0.94627
0.94618
0.94602
0.94578
0.94547
0.94507
0.94458
0.944
0.94331
0.94253
0.94163
0.94063
0.9395
0.93824
0.93686
0.93535
0.9337
0.93191
0.92999
0.92793
0.92573
0.92339
0.92092
0.91832
0.9156
0.91275
0.9098
0.90674
0.90358
0.90033
0.897
0.8936
0.89014
0.88663
0.88308
0.87949
0.87588
0.87225
0.86862
0.86498
0.86136
0.85775
0.85416
0.85059
0.84705
0.84355
0.84009
0.83666
0.83328
0.82994
0.82666
0.82341
0.82022
0.81708
0.81399
0.81096
0.80797
0.80504
0.80216
0.79933
0.79656
0.79384
0.79117
0.78854
0.78597
0.78345
0.78097
0.77854
0.77615
0.77379
0.77147
0.76919
0.76693
0.7647
0.76249
0.76029
0.75811
0.75593
0.75376
0.75158
0.7494
0.7472
0.74499
0.74275
0.74049
0.73819
0.73586
0.73349
0.73108
0.72861
0.7261
0.72353
0.72091
0.71822
0.71548
0.71266
0.70979
0.70684
0.70383
0.70075
0.6976
0.69438
0.6911
0.68776
0.68436
0.68089
0.67738
0.67381
0.6702
0.66655
0.66287
0.65916
0.65543
0.65169
0.64794
0.64419
0.64044
0.63671
0.633
0.62932
0.62567
0.62206
0.61849
0.61496
0.61149
0.60806
0.60469
0.60137
0.5981
0.59489
0.59173
0.58861
0.58554
0.58252
0.57953
0.57657
0.57365
0.57075
0.56787
0.56502
0.56217
0.55934
0.55652
0.5537
0.55089
0.54808
0.54528
0.54248
0.53968
0.53688
0.53408
0.5313
0.52851
0.52574
0.52297
0.52021
0.51747
0.51473
0.51201
0.50931
0.50661
0.50393
0.50126
0.4986
0.49596
0.49332
0.49069
0.48807
0.48545
0.48283
0.48021
0.47759
0.47497
0.47235
0.46972
0.46709
0.46445
0.4618
0.45915
0.45649
0.45383
0.45116
0.44849
0.44581
0.44313
0.44044
0.43776
0.43507
0.43239
0.4297
0.42702
0.42434
0.42167
0.41899
0.41633
0.41367
0.41101
0.40836
0.40572
0.40309
0.40047
0.39786
0.39526
0.39268
0.39012
0.38757
0.38504
0.38254
0.38006
0.3776
0.37517
0.37277
0.37039
0.36805
0.36574
0.36346
0.36121
0.35898
0.35679
0.35463
0.3525
0.3504
0.34832
0.34627
0.34425
0.34225
0.34028
0.33833
0.33641
0.33452
0.33266
0.33083
0.32903
0.32728
0.32557
0.32391
0.32229
0.32074
0.31925
0.31783
0.31648
0.31521
0.31402
0.31292
0.3119
0.31098
0.31016
0.30942
0.30879
0.30824
0.30779
0.30742
0.30714
0.30694
0.30681
0.30675
0.30675
0.30681
0.3069
0.30704
0.3072
0.30739
0.30759
0.3078
0.30801
0.30821
0.3084
0.30858
0.30873
0.30885
0.30894
0.309
0.30902
0.30901
0.30895
0.30884
0.30869
0.3085
0.30825
0.30796
0.30762
0.30722
0.30678
0.30628
0.30572
0.30511
0.30445
0.30373
0.30295
0.30211
0.30122
0.30027
0.29927
0.29821
0.2971
0.29593
0.29472
0.29346
0.29216
0.29081
0.28943
0.28801
0.28656
0.28508
0.28358
0.28205
0.28051
0.27895
0.27737
0.27578
0.27417
0.27255
0.27092
0.26927
0.2676
0.26592
0.26421
0.26248
0.26072
0.25893
0.2571
0.25524
0.25333
0.25137
0.24936
0.24729
0.24517
0.24298
0.24073
0.23842
0.23605
0.23361
0.2311
0.22854
0.22591
0.22322
0.22048
0.21768
0.21484
0.21195
0.20903
0.20607
0.20308
0.20007
0.19705
0.19401
0.19097
0.18794
0.18491
0.1819
0.17891
0.17595
0.17302
0.17014
0.1673
0.16451
0.16178
0.15912
0.15652
0.154
0.15155
0.14918
0.14689
0.14469
0.14258
0.14055
0.13861
0.13677
0.13501
0.13334
0.13175
0.13026
0.12884
0.12751
0.12626
0.12508
0.12397
0.12294
0.12197
0.12107
0.12022
0.11944
0.11871
0.11803
0.11741
0.11683
0.11629
0.11581
0.11536
0.11495
0.11458
0.11425
0.11394
0.11367
0.11343
0.11321
0.11301
0.11283
0.11267
0.11251
0.11236
0.11222
0.11207
0.11192
0.11175
0.11157
0.11137
0.11114
0.11089
0.1106
0.11028
0.10992
0.10951
0.10907
0.10858
0.10805
0.10747
0.10685
0.10619
0.10549
0.10475
0.10397
0.10317
0.10234
0.10148
0.1006
0.099715
0.098815
0.097909
0.097003
0.096099
0.095203
0.094318
0.093447
0.092593
0.09176
0.090948
0.090159
0.089395
0.088656
0.087943
0.087254
0.08659
0.085948
0.085327
0.084726
0.084141
0.083571
0.083013
0.082464
0.081921
0.081381
0.080842
0.0803
0.079752
0.079197
0.078632
0.078054
0.077463
0.076856
0.076233
0.075593
0.074936
0.07426
0.073567
0.072858
0.072132
0.071391
0.070636
0.069868
0.06909
0.068302
0.067506
0.066704
0.065897
0.065087
0.064275
0.063462
0.062648
0.061836
0.061025
0.060215
0.059407
0.058601
0.057797
0.056994
0.056192
0.055392
0.054592
0.053792
0.052994
0.052195
0.051398
0.050602
0.049809
0.049018
0.048233
0.047454
0.046684
0.045925
0.045179
0.044449
0.043738
0.043051
0.042388
0.041755
0.041155
0.04059
0.040064
0.039581
0.039143
0.038752
0.038412
0.038123
0.037889
0.03771
0.037586
0.037519
0.037509
0.037555
0.037657
0.037813
0.038022
0.038282
0.038591
0.038947
0.039347
0.039788
0.040266
0.040779
0.041322
0.041892
0.042485
0.043097
0.043723
0.04436
0.045003
0.045648
0.04629
0.046924
0.047546
0.048153
0.048738
0.049298
0.049829
0.050326
0.050785
0.051202
0.051574
0.051897
0.052167
0.052381
0.052537
0.052632
0.052664
0.052631
0.052532
0.052364
0.052128
0.051824
0.051449
0.051006
0.050495
0.049916
0.049271
0.048561
0.047789
0.046956
0.046064
0.045118
0.044119
0.043071
0.041977
0.040841
0.039666
0.038458
0.037219
0.035954
0.034668
0.033365
0.032049
0.030726
0.0294
0.028075
0.026756
0.025447
0.024153
0.022878
0.021626
0.020402
0.019208
0.018049
0.016927
0.015846
0.014808
0.013816
0.012872
0.011977
0.011135
0.010345
0.0096087
0.0089276
0.008302
0.0077325
0.0072194
0.0067626
0.0063623
0.0060181
0.0057299
0.0054973
0.0053196
0.0051963
0.0051267
0.0051098
0.0051449
0.0052307
0.0053661
0.0055498
0.0057802
0.0060558
0.0063748
0.0067351
0.0071348
0.0075715
0.0080428
0.0085462
0.0090791
0.0096388
0.010223
0.010828
0.011451
0.012091
0.012745
0.013411
0.014087
0.014772
0.015465
0.016167
0.016877
0.017597
0.01833
0.019079
0.019848
0.020643
0.02147
0.022338
0.023255
0.024234
0.025286
0.026425
0.027665
0.029024
0.030518
0.032167
0.03399
0.036008
0.038242
0.040713
0.043443
0.046454
0.049766
0.0534
0.057374
0.061706
0.066411
0.071503
0.076992
0.082887
0.089191
0.095908
0.10303
0.11056
0.11849
0.1268
0.13548
0.1445
0.15384
0.16349
0.17341
0.18356
0.19393
0.20447
0.21515
0.22593
0.23678
0.24766
0.25855
0.2694
0.28019
0.29089
0.30146
0.31189
0.32215
0.33222
0.34208
0.35172
0.36113
0.37029
0.3792
0.38784
0.39623
0.40435
0.41219
0.41977
0.42709
0.43413
0.44092
0.44744
0.45371
0.45972
0.46548
0.471
0.47628
0.48132
0.48613
0.49071
0.49508
0.49923
0.50316
0.5069
0.51043
0.51378
0.51694
0.51993
0.52275
0.5254
0.52791
0.53027
0.5325
0.5346
0.53658
0.53845
0.54021
0.54189
0.54347
0.54498
0.54642
0.54778
0.54909
0.55034
0.55155
0.5527
0.55382
0.55489
0.55593
0.55693
0.5579
0.55884
0.55975
0.56064
0.56149
0.56232
0.56312
0.56389
0.56464
0.56537
0.56607
0.56675
0.56741
0.56805
0.56868
0.5693
0.5699
0.5705
0.5711
0.5717
0.5723
0.57292
0.57355
0.57421
0.57489
0.57561
0.57637
0.57717
0.57802
0.57892
0.57988
0.58091
0.582
0.58317
0.5844
0.58571
0.5871
0.58857
0.59011
0.59174
0.59343
0.59521
0.59705
0.59897
0.60096
0.60301
0.60512
0.60729
0.60951
0.61179
0.61411
0.61648
0.61889
0.62134
0.62382
0.62635
0.6289
0.63149
0.63411
0.63676
0.63945
0.64217
0.64492
0.64771
0.65054
0.65341
0.65632
0.65928
0.66227
0.66532
0.66841
0.67155
0.67474
0.67798
0.68127
0.68461
0.68799
0.69142
0.6949
0.69842
0.70197
0.70557
0.7092
0.71286
0.71656
0.72027
0.72402
0.72778
0.73156
0.73536
0.73918
0.743
0.74684
0.75068
0.75453
0.75839
0.76224
0.7661
0.76996
0.77382
0.77767
0.78152
0.78536
0.78919
0.793
0.7968
0.80058
0.80434
0.80807
0.81177
0.81544
0.81908
0.82267
0.82622
0.82973
0.83319
0.83661
0.83997
0.84327
0.84652
0.84971
0.85285
0.85593
0.85895
0.86191
0.86481
0.86766
0.87045
0.87318
0.87586
0.87848
0.88105
0.88357
0.88604
0.88846
0.89083
0.89315
0.89543
0.89767
0.89987
0.90203
0.90415
0.90624
0.90831
0.91034
0.91235
0.91434
0.91631
0.91828
0.92023
0.92217
0.92411
0.92605
0.92799
0.92993
0.93188
0.93384
0.93581
0.93778
0.93976
0.94174
0.94373
0.94572
0.9477
0.94969
0.95166
0.95363
0.95558
0.95752
0.95944
0.96133
0.9632
0.96505
0.96686
0.96866
0.97042
0.97217
0.97388
0.97559
0.97727
0.97894
0.98061
0.98227
0.98394
0.98562
0.98731
0.98902
0.99075
0.99252
0.99431
0.99615
0.99802
0.99994
1.0019
1.0039
1.0059
1.008
1.0102
1.0123
1.0145
1.0167
1.0189
1.0212
1.0235
1.0257
1.028
1.0302
1.0324
1.0346
1.0368
1.0389
1.041
1.0431
1.0451
1.047
1.0488
1.0506
1.0524
1.054
1.0555
1.057
1.0584
1.0596
1.0608
1.0619
1.0628
1.0636
1.0643
1.0648
1.0652
1.0655
1.0656
1.0655
1.0653
1.0649
1.0643
1.0635
1.0626
1.0614
1.06
1.0585
1.0567
1.0548
1.0526
1.0502
1.0477
1.045
1.0421
1.039
1.0357
1.0324
1.0288
1.0252
1.0214
1.0176
1.0136
1.0096
1.0055
1.0014
0.9973
0.99316
0.98901
0.98488
0.98076
0.97668
0.97263
0.96863
0.96469
0.9608
0.95696
0.95319
0.94948
0.94583
0.94224
0.9387
0.93522
0.93179
0.9284
0.92505
0.92173
0.91844
0.91517
0.91192
0.90867
0.90543
0.90219
0.89894
0.89568
0.8924
0.8891
0.88577
0.88241
0.87901
0.87557
0.87209
0.86856
0.86498
0.86135
0.85767
0.85393
0.85014
0.84629
0.84238
0.83841
0.83439
0.83032
0.82619
0.82201
0.81778
0.81351
0.80919
0.80484
0.80046
0.79605
0.79162
0.78717
0.78271
0.77825
0.77379
0.76933
0.76488
0.76046
0.75605
0.75167
0.74733
0.74302
0.73875
0.73452
0.73034
0.72621
0.72212
0.71809
0.71411
0.71018
0.7063
0.70247
0.69869
0.69496
0.69127
0.68763
0.68403
0.68047
0.67695
0.67345
0.66999
0.66655
0.66313
0.65973
0.65635
0.65297
0.64961
0.64625
0.64289
0.63952
0.63615
0.63277
0.62938
0.62598
0.62255
0.61911
0.61564
0.61214
0.60862
0.60506
0.60147
0.59785
0.59418
0.59048
0.58673
0.58294
0.5791
0.57522
0.57129
0.56731
0.56328
0.5592
0.55507
0.5509
0.54668
0.54242
0.53812
0.53378
0.52941
0.52501
0.52059
0.51616
0.51172
0.50728
0.50285
0.49844
0.49405
0.4897
0.4854
0.48115
0.47696
0.47284
0.46881
0.46486
0.46101
0.45726
0.45361
0.45008
0.44666
0.44336
0.44018
0.43711
0.43416
0.43133
0.42862
0.42601
0.42351
0.42111
0.41881
0.41659
0.41447
0.41242
0.41045
0.40854
0.4067
0.40491
0.40318
0.40148
0.39983
0.39821
0.39663
0.39507
0.39353
0.39201
0.3905
0.38901
0.38752
0.38603
0.38455
0.38306
0.38157
0.38006
0.37854
0.37701
0.37546
0.37388
0.37228
0.37066
0.36901
0.36733
0.36561
0.36387
0.36209
0.36028
0.35844
0.35656
0.35466
0.35273
0.35077
0.34879
0.34678
0.34476
0.34272
0.34067
0.33861
0.33654
0.33447
0.3324
0.33034
0.32828
0.32622
0.32418
0.32215
0.32013
0.31812
0.31613
0.31416
0.3122
0.31026
0.30833
0.30641
0.3045
0.30261
0.30072
0.29885
0.29698
0.29511
0.29325
0.29139
0.28953
0.28767
0.28581
0.28394
0.28207
0.2802
0.27832
0.27644
0.27455
0.27266
0.27076
0.26886
0.26696
0.26505
0.26315
0.26124
0.25934
0.25744
0.25554
0.25366
0.25178
0.24991
0.24806
0.24622
0.2444
0.2426
0.24082
0.23906
0.23732
0.23561
0.23393
0.23227
0.23064
0.22904
0.22746
0.22592
0.2244
0.22291
0.22144
0.21999
0.21857
0.21717
0.21578
0.21442
0.21306
0.21172
0.21039
0.20906
0.20774
0.20643
0.20512
0.20381
0.20251
0.2012
0.1999
0.19859
0.19729
0.19599
0.19469
0.19339
0.1921
0.19081
0.18953
0.18825
0.18698
0.18571
0.18445
0.1832
0.18196
0.18071
0.17948
0.17824
0.177
0.17577
0.17452
0.17328
0.17202
0.17075
0.16947
0.16817
0.16685
0.16551
0.16415
0.16277
0.16137
0.15994
0.15849
0.15701
0.15552
0.15401
0.15248
0.15094
0.14939
0.14783
0.14626
0.1447
0.14315
0.1416
0.14006
0.13854
0.13704
0.13557
0.13412
0.1327
0.13132
0.12997
0.12865
0.12738
0.12614
0.12494
0.12378
0.12265
0.12157
0.12053
0.11952
0.11855
0.11761
0.11671
0.11584
0.115
0.1142
0.11343
0.11268
0.11197
0.11129
0.11063
0.11001
0.10942
0.10885
0.10832
0.10782
0.10734
0.1069
0.1065
0.10612
0.10577
0.10546
0.10518
0.10494
0.10472
0.10454
0.10438
0.10425
0.10415
0.10408
0.10403
0.104
0.10399
0.10399
0.10401
0.10404
0.10409
0.10413
0.10419
0.10424
0.1043
0.10435
0.1044
0.10444
0.10447
0.1045
0.10452
0.10452
0.10452
0.10451
0.10448
0.10445
0.1044
0.10435
0.10429
0.10421
0.10413
0.10404
0.10395
0.10384
0.10373
0.10361
0.10348
0.10333
0.10318
0.10301
0.10282
0.10262
0.10239
0.10214
0.10186
0.10155
0.1012
0.10081
0.10038
0.09991
0.099388
0.098814
0.098186
0.097502
0.096759
0.095957
0.095094
0.094169
0.093184
0.092138
0.091032
0.089869
0.08865
0.087378
0.086055
0.084685
0.083272
0.081818
0.080329
0.078807
0.077257
0.075684
0.074091
0.072483
0.070862
0.069233
0.0676
0.065965
0.064331
0.062701
0.061078
0.059463
0.057857
0.056263
0.054681
0.053113
0.051558
0.050017
0.04849
0.046977
0.045477
0.043991
0.042517
0.041055
0.039605
0.038166
0.036738
0.035319
0.03391
0.032511
0.031121
0.029741
0.028371
0.027012
0.025665
0.02433
0.02301
0.021705
0.020418
0.019151
0.017906
0.016685
0.015492
0.014329
0.013199
0.012105
0.011051
0.01004
0.0090744
0.0081576
0.0072927
0.0064824
0.0057293
0.0050358
0.004404
0.0038358
0.0033324
0.002895
0.0025241
0.0022199
0.0019821
0.00181
0.0017024
0.0016575
0.0016732
0.0017469
0.0018756
0.0020558
0.0022836
0.0025551
0.0028659
0.0032112
0.0035863
0.0039864
0.0044065
0.0048417
0.005287
0.0057378
0.0061896
0.006638
0.0070789
0.0075087
0.007924
0.0083217
0.0086993
0.0090544
0.0093854
0.0096907
0.0099693
0.01022
0.010443
0.010638
0.010805
0.010944
0.011055
0.011139
0.011197
0.011228
0.011234
0.011213
0.011168
0.011097
0.011001
0.010879
0.010732
0.010557
0.010355
0.010126
0.0098668
0.0095783
0.009259
0.0089083
0.0085254
0.0081099
0.0076613
0.0071796
0.0066651
0.0061183
0.0055399
0.0049314
0.0042943
0.0036306
0.0029428
0.0022334
0.0015057
0.00076291
8.6693e-06
-0.00075321
-0.0015187
-0.0022839
-0.0030444
-0.0037963
-0.0045356
-0.0052582
-0.0059604
-0.0066387
-0.0072897
-0.0079105
-0.0084983
-0.0090507
-0.0095657
-0.010041
-0.010476
-0.01087
-0.01122
-0.011527
-0.01179
-0.01201
-0.012185
-0.012316
-0.012403
-0.012447
-0.012448
-0.012405
-0.01232
-0.012192
-0.012022
-0.011809
-0.011555
-0.011259
-0.010922
-0.010543
-0.010122
-0.0096608
-0.0091583
-0.0086148
-0.0080307
-0.0074062
-0.0067415
-0.0060368
-0.0052926
-0.0045091
-0.0036864
-0.0028248
-0.0019242
-0.00098457
-5.5435e-06
0.0010135
0.0020734
0.0031756
0.0043219
0.0055146
0.0067567
0.008052
0.0094049
0.010821
0.012306
0.013868
0.015516
0.017258
0.019107
0.021073
0.02317
0.025413
0.027818
0.030401
0.03318
0.036174
0.039402
0.042885
0.046641
0.050691
0.055054
0.059749
0.064794
0.070204
0.075993
0.082173
0.088752
0.095738
0.10313
0.11093
0.11913
0.12773
0.1367
0.14603
0.15571
0.1657
0.17597
0.18649
0.19722
0.20814
0.21919
0.23033
0.24152
0.25272
0.26388
0.27496
0.28592
0.29673
0.30734
0.31773
0.32786
0.33771
0.34725
0.35648
0.36538
0.37394
0.38216
0.39003
0.39756
0.40475
0.41162
0.41817
0.42442
0.43038
0.43607
0.4415
0.4467
0.45167
0.45644
0.46102
0.46542
0.46965
0.47373
0.47766
0.48146
0.48512
0.48865
0.49207
0.49536
0.49853
0.50158
0.50451
0.50731
0.51
0.51256
0.515
0.51731
0.5195
0.52157
0.52351
0.52534
0.52705
0.52865
0.53014
0.53152
0.53282
0.53402
0.53514
0.53619
0.53718
0.5381
0.53898
0.53981
0.54061
0.54138
0.54214
0.54288
0.54362
0.54436
0.5451
0.54586
0.54664
0.54743
0.54825
0.54911
0.54999
0.55091
0.55187
0.55287
0.55392
0.55501
0.55615
0.55734
0.55858
0.55987
0.56122
0.56262
0.56408
0.56559
0.56716
0.56877
0.57045
0.57217
0.57394
0.57576
0.57763
0.57954
0.58148
0.58347
0.58548
0.58753
0.5896
0.5917
0.59381
0.59595
0.59809
0.60025
0.60242
0.60459
0.60677
0.60896
0.61114
0.61333
0.61552
0.61771
0.6199
0.62209
0.62429
0.62648
0.62867
0.63087
0.63307
0.63527
0.63748
0.63969
0.64191
0.64413
0.64635
0.64858
0.65082
0.65307
0.65532
0.65758
0.65985
0.66213
0.66442
0.66672
0.66903
0.67135
0.67368
0.67603
0.67839
0.68076
0.68315
0.68555
0.68796
0.69039
0.69284
0.69529
0.69775
0.70023
0.70271
0.7052
0.70769
0.71018
0.71267
0.71516
0.71764
0.72011
0.72256
0.72501
0.72743
0.72984
0.73222
0.73458
0.73692
0.73923
0.74152
0.74378
0.74602
0.74824
0.75043
0.75261
0.75477
0.75691
0.75904
0.76116
0.76328
0.76539
0.7675
0.76961
0.77173
0.77385
0.77599
0.77813
0.78028
0.78245
0.78463
0.78683
0.78903
0.79125
0.79348
0.79572
0.79796
0.80021
0.80247
0.80472
0.80698
0.80923
0.81148
0.81373
0.81596
0.8182
0.82042
0.82264
0.82485
0.82706
0.82926
0.83146
0.83366
0.83587
0.83808
0.8403
0.84254
0.84479
0.84706
0.84935
0.85166
0.854
0.85637
0.85877
0.86119
0.86364
0.86612
0.86862
0.87114
0.87367
0.87622
0.87877
0.88132
0.88386
0.88639
0.8889
0.89138
0.89382
0.89622
0.89856
0.90084
0.90305
0.90519
0.90725
0.90923
0.91112
0.91291
0.91462
0.91622
0.91773
0.91914
0.92046
0.92168
0.92281
0.92385
0.92481
0.92568
0.92648
0.9272
0.92786
0.92846
0.92899
0.92948
0.92991
0.9303
0.93064
0.93095
0.93122
0.93145
0.93165
0.93182
0.93195
0.93205
0.93211
0.93214
0.93213
0.93209
0.93199
0.93186
0.93167
0.93143
0.93113
0.93078
0.93036
0.92988
0.92933
0.92871
0.92802
0.92725
0.92641
0.92549
0.9245
0.92343
0.92228
0.92106
0.91977
0.91841
0.91697
0.91547
0.9139
0.91227
0.91058
0.90883
0.90703
0.90517
0.90325
0.90129
0.89929
0.89723
0.89513
0.89299
0.89081
0.88858
0.88632
0.88402
0.88169
0.87932
0.87692
0.8745
0.87204
0.86956
0.86706
0.86454
0.86201
0.85946
0.8569
0.85434
0.85177
0.84921
0.84665
0.84409
0.84154
0.839
0.83648
0.83396
0.83146
0.82897
0.82649
0.82402
0.82156
0.8191
0.81664
0.81417
0.8117
0.80921
0.8067
0.80417
0.80161
0.79902
0.79639
0.79372
0.791
0.78823
0.78542
0.78254
0.77962
0.77664
0.77361
0.77053
0.7674
0.76423
0.76101
0.75776
0.75448
0.75117
0.74784
0.74449
0.74113
0.73776
0.73439
0.73102
0.72766
0.72431
0.72096
0.71763
0.71431
0.711
0.7077
0.70441
0.70112
0.69785
0.69457
0.6913
0.68802
0.68473
0.68144
0.67813
0.67482
0.67148
0.66813
0.66477
0.66139
0.65799
0.65459
0.65117
0.64775
0.64432
0.6409
0.63748
0.63408
0.63068
0.62731
0.62397
0.62065
0.61737
0.61412
0.61091
0.60774
0.60461
0.60153
0.59849
0.59548
0.59252
0.5896
0.58671
0.58385
0.58102
0.57821
0.57542
0.57265
0.5699
0.56715
0.5644
0.56167
0.55893
0.55619
0.55346
0.55072
0.54799
0.54525
0.54252
0.5398
0.53709
0.53439
0.5317
0.52903
0.52639
0.52377
0.52118
0.51862
0.5161
0.51362
0.51118
0.50878
0.50642
0.50411
0.50183
0.49959
0.4974
0.49523
0.4931
0.491
0.48892
0.48687
0.48482
0.48279
0.48077
0.47874
0.47671
0.47468
0.47263
0.47057
0.46848
0.46637
0.46424
0.46208
0.45989
0.45768
0.45543
0.45316
0.45085
0.44852
0.44616
0.44377
0.44136
0.43893
0.43649
0.43402
0.43154
0.42904
0.42654
0.42402
0.42149
0.41895
0.41641
0.41386
0.4113
0.40873
0.40615
0.40356
0.40096
0.39834
0.39571
0.39307
0.39041
0.38773
0.38503
0.3823
0.37956
0.3768
0.37401
0.3712
0.36837
0.36552
0.36266
0.35977
0.35687
0.35395
0.35103
0.34809
0.34515
0.3422
0.33924
0.33629
0.33333
0.33038
0.32743
0.32448
0.32153
0.31858
0.31564
0.3127
0.30975
0.30681
0.30386
0.3009
0.29794
0.29497
0.29199
0.28899
0.28599
0.28297
0.27994
0.27689
0.27383
0.27077
0.26769
0.26461
0.26152
0.25844
0.25536
0.25229
0.24923
0.24619
0.24317
0.24018
0.23722
0.2343
0.23142
0.22858
0.22579
0.22305
0.22036
0.21773
0.21515
0.21263
0.21015
0.20774
0.20537
0.20306
0.20079
0.19857
0.19639
0.19425
0.19214
0.19007
0.18803
0.18602
0.18403
0.18207
0.18013
0.17821
0.1763
0.17442
0.17256
0.17071
0.16888
0.16708
0.16529
0.16353
0.16179
0.16007
0.15838
0.15672
0.15508
0.15348
0.1519
0.15036
0.14885
0.14737
0.14592
0.1445
0.14311
0.14175
0.14042
0.13912
0.13785
0.1366
0.13538
0.13418
0.13301
0.13185
0.13071
0.1296
0.1285
0.12741
0.12635
0.12529
0.12426
0.12324
0.12223
0.12124
0.12026
0.1193
0.11836
0.11743
0.11651
0.11561
