0.66703
0.66511
0.66321
0.66134
0.65949
0.65767
0.65586
0.65407
0.6523
0.65055
0.6488
0.64706
0.64533
0.6436
0.64187
0.64015
0.63841
0.63667
0.63493
0.63317
0.6314
0.62962
0.62783
0.62603
0.62421
0.62237
0.62052
0.61866
0.61679
0.6149
0.613
0.61109
0.60917
0.60724
0.6053
0.60336
0.60142
0.59947
0.59753
0.59559
0.59366
0.59173
0.58982
0.58791
0.58603
0.58416
0.58232
0.5805
0.57871
0.57695
0.57522
0.57352
0.57187
0.57025
0.56868
0.56715
0.56566
0.56422
0.56283
0.56148
0.56018
0.55893
0.55773
0.55657
0.55545
0.55438
0.55335
0.55235
0.5514
0.55048
0.54959
0.54873
0.5479
0.54709
0.54629
0.54552
0.54475
0.544
0.54325
0.5425
0.54175
0.54099
0.54023
0.53945
0.53866
0.53785
0.53702
0.53617
0.5353
0.5344
0.53348
0.53252
0.53154
0.53054
0.5295
0.52844
0.52736
0.52625
0.52512
0.52398
0.52281
0.52163
0.52044
0.51924
0.51803
0.51682
0.51561
0.5144
0.51319
0.51198
0.51078
0.50958
0.50839
0.50721
0.50603
0.50486
0.50369
0.50253
0.50136
0.5002
0.49903
0.49785
0.49667
0.49547
0.49426
0.49304
0.4918
0.49054
0.48926
0.48796
0.48664
0.4853
0.48393
0.48254
0.48114
0.47971
0.47828
0.47682
0.47536
0.47389
0.47242
0.47095
0.46948
0.46802
0.46657
0.46514
0.46373
0.46234
0.46098
0.45965
0.45835
0.45709
0.45588
0.4547
0.45357
0.45249
0.45145
0.45047
0.44953
0.44865
0.44782
0.44705
0.44633
0.44566
0.44504
0.44447
0.44396
0.44349
0.44307
0.4427
0.44237
0.44208
0.44183
0.44161
0.44143
0.44127
0.44114
0.44102
0.44093
0.44084
0.44077
0.4407
0.44062
0.44054
0.44045
0.44035
0.44022
0.44008
0.4399
0.4397
0.43946
0.43918
0.43886
0.4385
0.43809
0.43763
0.43712
0.43656
0.43594
0.43526
0.43452
0.43372
0.43286
0.43194
0.43095
0.42991
0.4288
0.42763
0.42641
0.42513
0.42379
0.4224
0.42097
0.41949
0.41797
0.41641
0.41482
0.41321
0.41157
0.40993
0.40827
0.40662
0.40497
0.40334
0.40173
0.40014
0.39858
0.39707
0.3956
0.39418
0.39281
0.39151
0.39027
0.3891
0.388
0.38697
0.38602
0.38514
0.38434
0.38362
0.38298
0.38241
0.38191
0.38149
0.38114
0.38086
0.38064
0.38049
0.38039
0.38034
0.38035
0.3804
0.38049
0.38062
0.38078
0.38097
0.38117
0.3814
0.38163
0.38187
0.3821
0.38233
0.38255
0.38276
0.38294
0.38309
0.38321
0.3833
0.38334
0.38334
0.38329
0.38319
0.38303
0.38282
0.38254
0.3822
0.3818
0.38134
0.38081
0.38021
0.37956
0.37884
0.37806
0.37722
0.37633
0.37539
0.3744
0.37336
0.37228
0.37117
0.37002
0.36884
0.36764
0.36643
0.36519
0.36395
0.3627
0.36145
0.36021
0.35897
0.35774
0.35652
0.35533
0.35415
0.35299
0.35185
0.35074
0.34966
0.3486
0.34757
0.34657
0.3456
0.34466
0.34374
0.34285
0.34199
0.34115
0.34033
0.33953
0.33876
0.338
0.33725
0.33653
0.33581
0.3351
0.3344
0.33371
0.33302
0.33234
0.33165
0.33097
0.33027
0.32958
0.32888
0.32816
0.32744
0.32671
0.32596
0.3252
0.32443
0.32364
0.32283
0.322
0.32115
0.32028
0.31939
0.31848
0.31755
0.31659
0.31561
0.31461
0.31358
0.31253
0.31146
0.31036
0.30924
0.3081
0.30694
0.30575
0.30454
0.30331
0.30207
0.3008
0.29951
0.29821
0.29689
0.29556
0.2942
0.29284
0.29145
0.29006
0.28865
0.28722
0.28578
0.28433
0.28286
0.28138
0.27989
0.27838
0.27686
0.27532
0.27377
0.27221
0.27064
0.26905
0.26746
0.26585
0.26424
0.26262
0.26099
0.25935
0.25772
0.25608
0.25445
0.25282
0.25119
0.24958
0.24797
0.24638
0.2448
0.24325
0.24171
0.24019
0.2387
0.23724
0.2358
0.23439
0.23301
0.23167
0.23036
0.22908
0.22783
0.22662
0.22545
0.22431
0.2232
0.22213
0.22109
0.22009
0.21912
0.21818
0.21728
0.2164
0.21556
0.21475
0.21396
0.21321
0.21248
0.21179
0.21112
0.21048
0.20987
0.20929
0.20873
0.2082
0.2077
0.20723
0.20678
0.20636
0.20597
0.20561
0.20527
0.20496
0.20468
0.20442
0.20419
0.20399
0.20381
0.20366
0.20353
0.20343
0.20335
0.20329
0.20325
0.20323
0.20322
0.20324
0.20327
0.20331
0.20337
0.20343
0.2035
0.20358
0.20366
0.20374
0.20382
0.2039
0.20398
0.20405
0.20411
0.20416
0.20419
0.20422
0.20422
0.20421
0.20419
0.20413
0.20406
0.20397
0.20384
0.2037
0.20352
0.20332
0.20309
0.20283
0.20254
0.20221
0.20186
0.20148
0.20107
0.20063
0.20015
0.19965
0.19913
0.19857
0.198
0.19739
0.19677
0.19613
0.19547
0.19479
0.1941
0.1934
0.19269
0.19197
0.19125
0.19053
0.1898
0.18908
0.18836
0.18765
0.18695
0.18625
0.18557
0.1849
0.18425
0.18361
0.18299
0.18238
0.1818
0.18123
0.18067
0.18014
0.17962
0.17912
0.17863
0.17815
0.17768
0.17722
0.17677
0.17632
0.17586
0.17541
0.17495
0.17448
0.174
0.1735
0.17298
0.17245
0.17189
0.17131
0.1707
0.17007
0.1694
0.16872
0.168
0.16727
0.16651
0.16574
0.16494
0.16414
0.16333
0.16252
0.16171
0.1609
0.16011
0.15933
0.15858
0.15785
0.15715
0.15649
0.15586
0.15528
0.15473
0.15423
0.15378
0.15336
0.153
0.15267
0.15239
0.15215
0.15194
0.15177
0.15163
0.15151
0.15143
0.15136
0.15131
0.15128
0.15126
0.15125
0.15125
0.15125
0.15127
0.15128
0.1513
0.15132
0.15135
0.15137
0.15141
0.15144
0.15148
0.15153
0.15158
0.15163
0.15169
0.15176
0.15183
0.1519
0.15198
0.15205
0.15212
0.15219
0.15225
0.15229
0.15233
0.15234
0.15233
0.1523
0.15223
0.15213
0.15199
0.15181
0.15158
0.1513
0.15096
0.15057
0.15011
0.14959
0.149
0.14834
0.14761
0.14681
0.14594
0.14499
0.14397
0.14289
0.14173
0.14051
0.13922
0.13786
0.13645
0.13499
0.13347
0.13191
0.13031
0.12867
0.12701
0.12531
0.12361
0.12189
0.12016
0.11844
0.11672
0.11501
0.11332
0.11166
0.11002
0.10841
0.10683
0.1053
0.1038
0.10235
0.10095
0.099589
0.098277
0.097013
0.095795
0.094624
0.093497
0.092415
0.091375
0.090375
0.089413
0.088487
0.087594
0.086732
0.085898
0.085091
0.084307
0.083545
0.082803
0.082078
0.08137
0.080675
0.079995
0.079326
0.078669
0.078022
0.077385
0.076759
0.076142
0.075535
0.074938
0.074352
0.073777
0.073213
0.072661
0.072121
0.071595
0.071083
0.070586
0.070105
0.06964
0.069191
0.06876
0.068348
0.067954
0.06758
0.067225
0.066891
0.066577
0.066285
0.066015
0.065767
0.065541
0.065339
0.065159
0.065004
0.064873
0.064767
0.064686
0.064631
0.064602
0.0646
0.064625
0.064677
0.064757
0.064864
0.064999
0.065162
0.065353
0.065571
0.065815
0.066085
0.06638
0.066699
0.06704
0.067403
0.067784
0.068183
0.068597
0.069024
0.069461
0.069907
0.070358
0.070812
0.071266
0.071717
0.072162
0.0726
0.073027
0.073441
0.073839
0.07422
0.07458
0.074918
0.075233
0.075522
0.075785
0.07602
0.076227
0.076404
0.076552
0.07667
0.076758
0.076816
0.076846
0.076847
0.07682
0.076766
0.076687
0.076584
0.076457
0.076308
0.076139
0.075951
0.075746
0.075524
0.075287
0.075036
0.074772
0.074497
0.074211
0.073914
0.073608
0.073292
0.072967
0.072633
0.072289
0.071935
0.07157
0.071194
0.070806
0.070406
0.069991
0.069561
0.069114
0.068651
0.068169
0.067667
0.067144
0.0666
0.066033
0.065443
0.06483
0.064191
0.063528
0.062841
0.062128
0.061391
0.060629
0.059844
0.059035
0.058204
0.057351
0.056478
0.055585
0.054674
0.053747
0.052804
0.051847
0.050878
0.049899
0.048911
0.047915
0.046915
0.045912
0.044908
0.043905
0.042905
0.041911
0.040925
0.039949
0.038986
0.038039
0.037109
0.036201
0.035315
0.034455
0.033624
0.032823
0.032056
0.031324
0.03063
0.029976
0.029364
0.028795
0.028271
0.027792
0.027361
0.026977
0.02664
0.026352
0.026111
0.025916
0.025768
0.025665
0.025605
0.025588
0.02561
0.025671
0.025767
0.025897
0.026058
0.026247
0.026462
0.0267
0.026958
0.027234
0.027525
0.027828
0.028141
0.028461
0.028786
0.029114
0.029441
0.029767
0.03009
0.030406
0.030715
0.031016
0.031305
0.031582
0.031846
0.032096
0.032329
0.032545
0.032742
0.032921
0.033079
0.033216
0.033331
0.033422
0.03349
0.033532
0.03355
0.03354
0.033504
0.033439
0.033346
0.033223
0.03307
0.032887
0.032673
0.032428
0.032151
0.031843
0.031503
0.031132
0.03073
0.030297
0.029835
0.029343
0.028824
0.028279
0.027709
0.027116
0.026501
0.025868
0.025218
0.024553
0.023876
0.02319
0.022497
0.021799
0.0211
0.020401
0.019706
0.019015
0.018331
0.017657
0.016992
0.016339
0.015699
0.015073
0.01446
0.013862
0.013278
0.012708
0.012151
0.011608
0.011077
0.010559
0.010051
0.0095543
0.0090675
0.0085904
0.0081228
0.0076645
0.0072159
0.0067773
0.0063496
0.0059337
0.0055309
0.005143
0.0047718
0.0044197
0.0040892
0.0037832
0.0035049
0.0032579
0.0030462
0.002874
0.0027461
0.0026679
0.0026452
0.0026845
0.0027931
0.002979
0.0032514
0.0036203
0.0040972
0.0046945
0.0054263
0.0063078
0.007356
0.008589
0.010027
0.01169
0.013602
0.015786
0.018265
0.021065
0.024212
0.02773
0.031644
0.035978
0.040754
0.045993
0.051712
0.057927
0.064649
0.071886
0.079642
0.087916
0.096703
0.10599
0.11576
0.126
0.13668
0.14776
0.15922
0.171
0.18308
0.19539
0.2079
0.22055
0.23328
0.24605
0.25879
0.27147
0.28402
0.29639
0.30855
0.32044
0.33204
0.3433
0.3542
0.3647
0.37479
0.38446
0.39369
0.40248
0.41083
0.41873
0.4262
0.43324
0.43988
0.44612
0.45199
0.4575
0.46269
0.46756
0.47216
0.47649
0.4806
0.48449
0.4882
0.49175
0.49516
0.49844
0.50163
0.50474
0.50779
0.51078
0.51374
0.51667
0.51959
0.52249
0.5254
0.52831
0.53122
0.53415
0.53708
0.54002
0.54296
0.54591
0.54886
0.55181
0.55474
0.55766
0.56056
0.56344
0.56628
0.56909
0.57186
0.57458
0.57726
0.57989
0.58246
0.58498
0.58744
0.58985
0.59221
0.59452
0.59679
0.59901
0.60119
0.60334
0.60546
0.60756
0.60964
0.61172
0.6138
0.61587
0.61796
0.62007
0.62219
0.62435
0.62653
0.62875
0.631
0.63329
0.63562
0.638
0.64041
0.64287
0.64537
0.64791
0.65048
0.65309
0.65574
0.65841
0.66112
0.66384
0.66659
0.66936
0.67214
0.67494
0.67775
0.68057
0.68339
0.68622
0.68904
0.69187
0.6947
0.69752
0.70033
0.70313
0.70593
0.70871
0.71148
0.71423
0.71697
0.71969
0.72238
0.72506
0.72771
0.73035
0.73296
0.73554
0.73811
0.74065
0.74317
0.74568
0.74817
0.75064
0.75311
0.75556
0.75801
0.76045
0.7629
0.76535
0.7678
0.77027
0.77274
0.77523
0.77773
0.78025
0.78278
0.78533
0.78789
0.79046
0.79305
0.79564
0.79824
0.80084
0.80344
0.80603
0.80861
0.81117
0.81372
0.81623
0.81872
0.82118
0.8236
0.82597
0.8283
0.83059
0.83282
0.835
0.83712
0.83919
0.84121
0.84316
0.84506
0.8469
0.84869
0.85042
0.85209
0.85371
0.85528
0.8568
0.85826
0.85968
0.86106
0.86239
0.86368
0.86492
0.86613
0.8673
0.86844
0.86954
0.87061
0.87166
0.87267
0.87365
0.87462
0.87555
0.87647
0.87737
0.87824
0.8791
0.87994
0.88077
0.88158
0.88238
0.88317
0.88394
0.88471
0.88546
0.88621
0.88695
0.88769
0.88842
0.88914
0.88987
0.89059
0.89132
0.89205
0.89278
0.89352
0.89426
0.89502
0.89579
0.89658
0.89738
0.89821
0.89905
0.89992
0.90081
0.90174
0.90269
0.90367
0.90468
0.90573
0.90681
0.90793
0.90907
0.91025
0.91147
0.91271
0.91399
0.9153
0.91663
0.91799
0.91937
0.92078
0.92221
0.92365
0.92512
0.9266
0.9281
0.92961
0.93113
0.93266
0.93421
0.93576
0.93732
0.9389
0.94048
0.94207
0.94366
0.94526
0.94687
0.94849
0.95011
0.95173
0.95335
0.95498
0.9566
0.95822
0.95983
0.96143
0.96303
0.96461
0.96617
0.96771
0.96922
0.97072
0.97218
0.97361
0.975
0.97636
0.97767
0.97895
0.98018
0.98137
0.98252
0.98362
0.98467
0.98568
0.98664
0.98756
0.98844
0.98928
0.99008
0.99084
0.99157
0.99226
0.99292
0.99356
0.99417
0.99475
0.99531
0.99585
0.99637
0.99687
0.99735
0.99782
0.99827
0.9987
0.99912
0.99952
0.99991
1.0003
1.0006
1.001
1.0013
1.0016
1.0018
1.0021
1.0023
1.0025
1.0027
1.0029
1.003
1.0031
1.0032
1.0033
1.0033
1.0034
1.0034
1.0034
1.0034
1.0033
1.0033
1.0032
1.0032
1.0031
1.003
1.0029
1.0028
1.0027
1.0027
1.0026
1.0025
1.0024
1.0023
1.0022
1.0021
1.002
1.002
1.0019
1.0019
1.0018
1.0018
1.0018
1.0017
1.0018
1.0018
1.0018
1.0019
1.0019
1.0021
1.0022
1.0023
1.0025
1.0027
1.003
1.0032
1.0035
1.0039
1.0042
1.0047
1.0051
1.0056
1.0061
1.0066
1.0071
1.0077
1.0083
1.0089
1.0096
1.0102
1.0109
1.0115
1.0122
1.0128
1.0135
1.0141
1.0148
1.0154
1.016
1.0166
1.0172
1.0177
1.0183
1.0188
1.0193
1.0197
1.0202
1.0206
1.021
1.0213
1.0217
1.022
1.0223
1.0225
1.0228
1.023
1.0232
1.0234
1.0236
1.0237
1.0239
1.024
1.0241
1.0242
1.0242
1.0242
1.0243
1.0243
1.0243
1.0242
1.0242
1.0241
1.0241
1.024
1.0239
1.0237
1.0236
1.0234
1.0233
1.0231
1.0229
1.0227
1.0225
1.0223
1.022
1.0218
1.0215
1.0212
1.0209
1.0206
1.0203
1.0199
1.0196
1.0192
1.0188
1.0184
1.018
1.0176
1.0171
1.0166
1.0161
1.0156
1.0151
1.0146
1.014
1.0134
1.0128
1.0122
1.0115
1.0109
1.0102
1.0095
1.0089
1.0082
1.0075
1.0067
1.006
1.0053
1.0046
1.0039
1.0031
1.0024
1.0017
1.001
1.0003
0.99958
0.99889
0.9982
0.99752
0.99686
0.9962
0.99555
0.99492
0.99429
0.99367
0.99307
0.99247
0.99189
0.99131
0.99075
0.99019
0.98964
0.9891
0.98857
0.98805
0.98754
0.98703
0.98653
0.98603
0.98554
0.98506
0.98458
0.98411
0.98364
0.98317
0.98271
0.98225
0.9818
0.98135
0.9809
0.98045
0.98001
0.97957
0.97913
0.9787
0.97827
0.97784
0.97742
0.97701
0.9766
0.9762
0.9758
0.97541
0.97503
0.97466
0.97429
0.97394
0.9736
0.97327
0.97295
0.97264
0.97235
0.97207
0.9718
0.97155
0.97131
0.97109
0.97087
0.97067
0.97048
0.9703
0.97013
0.96997
0.96982
0.96967
0.96952
0.96938
0.96924
0.9691
0.96895
0.96881
0.96865
0.96848
0.96831
0.96812
0.96792
0.9677
0.96746
0.9672
0.96692
0.96662
0.96629
0.96594
0.96556
0.96516
0.96473
0.96426
0.96377
0.96325
0.96269
0.96211
0.96149
0.96085
0.96016
0.95945
0.9587
0.95792
0.95711
0.95626
0.95537
0.95445
0.9535
0.9525
0.95147
0.9504
0.9493
0.94815
0.94696
0.94574
0.94447
0.94316
0.94181
0.94043
0.939
0.93753
0.93603
0.93449
0.93292
0.93131
0.92968
0.92802
0.92634
0.92463
0.92291
0.92118
0.91944
0.91769
0.91594
0.9142
0.91246
0.91073
0.90901
0.90731
0.90563
0.90397
0.90233
0.90072
0.89914
0.89759
0.89606
0.89456
0.89309
0.89165
0.89024
0.88884
0.88748
0.88613
0.88481
0.8835
0.88221
0.88094
0.87968
0.87843
0.87719
0.87596
0.87474
0.87352
0.87231
0.87111
0.86991
0.86872
0.86753
0.86635
0.86518
0.86401
0.86286
0.86171
0.86058
0.85945
0.85834
0.85724
0.85615
0.85508
0.85401
0.85296
0.85192
0.85089
0.84987
0.84886
0.84786
0.84686
0.84587
0.84488
0.84388
0.84289
0.84189
0.84088
0.83987
0.83884
0.8378
0.83674
0.83567
0.83458
0.83346
0.83233
0.83117
0.82998
0.82877
0.82753
0.82626
0.82497
0.82364
0.82228
0.82089
0.81946
0.818
0.81651
0.81497
0.81341
0.8118
0.81016
0.80848
0.80675
0.80499
0.80318
0.80133
0.79944
0.79751
0.79553
0.79351
0.79145
0.78935
0.7872
0.78502
0.7828
0.78054
0.77825
0.77593
0.77358
0.77121
0.76881
0.7664
0.76397
0.76154
0.75909
0.75664
0.7542
0.75175
0.74932
0.74689
0.74448
0.74209
0.73971
0.73735
0.73501
0.7327
0.73041
0.72815
0.72591
0.72369
0.7215
0.71934
0.7172
0.71508
0.71299
0.71092
0.70887
0.70684
0.70483
0.70285
0.70089
0.69895
0.69703
0.69514
0.69327
0.69143
0.68961
0.68783
0.68608
0.68436
0.68268
0.68104
0.67943
0.67787
0.67635
0.67487
0.67344
0.67205
0.67071
0.66942
0.66817
0.66697
0.66581
0.66469
0.66361
0.66257
0.66157
0.66059
0.65965
0.65873
0.65783
0.65695
0.65608
0.65523
0.65438
0.65353
0.65269
0.65183
0.65097
0.6501
0.64922
0.64832
0.6474
0.64646
0.6455
0.64451
0.6435
0.64246
0.64139
0.64029
0.63916
0.63801
0.63682
0.6356
0.63435
0.63307
0.63176
0.63043
0.62907
0.62768
0.62627
0.62483
0.62337
0.6219
0.62041
0.6189
0.61738
0.61585
0.61432
0.61279
0.61125
0.60972
0.6082
0.60668
0.60518
0.6037
0.60224
0.6008
0.59939
0.59801
0.59666
0.59535
0.59407
0.59284
0.59165
0.5905
0.5894
0.58834
0.58733
0.58637
0.58546
0.58459
0.58377
0.58299
0.58226
0.58157
0.58092
0.58031
0.57974
0.5792
0.57869
0.57821
0.57776
0.57733
0.57692
0.57652
0.57613
0.57575
0.57538
0.575
0.57462
0.57423
0.57383
0.5734
0.57296
0.57248
0.57196
0.57141
0.57081
0.57016
0.56946
0.56869
0.56786
0.56695
0.56598
0.56492
0.56378
0.56255
0.56124
0.55984
0.55836
0.55678
0.55512
0.55337
0.55155
0.54964
0.54767
0.54562
0.54351
0.54135
0.53915
0.5369
0.53462
0.53232
0.53
0.52768
0.52536
0.52305
0.52075
0.51848
0.51624
0.51403
0.51187
0.50975
0.50768
0.50567
0.50371
0.50181
0.49998
0.4982
0.49648
0.49482
0.49322
0.49168
0.49019
0.48876
0.48738
0.48605
0.48477
0.48353
0.48234
0.48119
0.48007
0.479
0.47795
0.47694
0.47595
0.475
0.47407
0.47316
0.47227
0.47141
0.47057
0.46974
0.46894
0.46814
0.46737
0.46661
0.46587
0.46514
0.46442
0.46371
0.46302
0.46234
0.46167
0.46101
0.46036
0.45971
0.45908
0.45845
0.45783
0.4572
0.45659
0.45597
0.45535
0.45472
0.45409
0.45345
0.4528
0.45213
0.45145
0.45075
0.45003
0.44928
0.4485
0.44769
0.44684
0.44596
0.44504
0.44408
0.44307
0.44202
0.44093
0.43978
0.43859
0.43735
0.43606
0.43472
0.43334
0.43192
0.43045
0.42893
0.42739
0.4258
0.42418
0.42254
0.42086
0.41917
0.41746
0.41573
0.41399
0.41224
0.41048
0.40872
0.40696
0.4052
0.40345
0.4017
0.39996
0.39823
0.3965
0.39478
0.39308
0.39137
0.38968
0.38799
0.38631
0.38464
0.38296
0.3813
0.37963
0.37796
0.3763
0.37463
0.37296
0.3713
0.36964
0.36797
0.36632
0.36466
0.36301
0.36138
0.35975
0.35814
0.35654
0.35496
0.35341
0.35188
0.35039
0.34892
0.34749
0.3461
0.34474
0.34343
0.34216
0.34094
0.33976
0.33863
0.33754
0.33649
0.33549
0.33453
0.33362
0.33274
0.33189
0.33108
0.3303
0.32955
0.32882
0.32812
0.32743
0.32676
0.32611
0.32547
0.32484
0.32422
0.32361
0.323
0.3224
0.3218
0.32121
0.32062
0.32003
0.31944
0.31886
0.31828
0.3177
0.31713
0.31655
0.31598
0.31541
0.31484
0.31427
0.3137
0.31313
0.31256
0.31198
0.3114
0.31081
0.31021
0.3096
0.30898
0.30835
0.3077
0.30704
0.30636
0.30566
0.30494
0.3042
0.30345
0.30266
0.30186
0.30104
0.3002
0.29934
0.29846
0.29756
0.29665
0.29572
0.29478
0.29383
0.29287
0.2919
0.29094
0.28997
0.289
0.28803
0.28706
0.28611
0.28516
0.28422
0.28329
0.28237
0.28146
0.28057
0.27969
0.27882
0.27797
0.27713
0.2763
0.27548
0.27467
0.27387
0.27308
0.2723
0.27152
0.27074
0.26996
0.26918
0.2684
0.26762
0.26683
0.26604
0.26524
0.26443
0.26361
0.26278
0.26194
0.26109
0.26022
0.25935
0.25847
0.25757
0.25667
0.25575
0.25483
0.2539
0.25296
0.25202
0.25108
0.25014
0.24919
0.24825
0.24732
0.24639
0.24548
0.24457
0.24369
0.24282
0.24197
0.24115
0.24036
0.23959
0.23886
0.23817
0.23752
0.2369
0.23634
0.23582
0.23535
0.23493
0.23457
0.23426
0.23401
0.23381
0.23368
0.23361
0.23359
0.23364
0.23375
0.23392
0.23414
0.23442
0.23476
0.23515
0.23559
0.23608
0.23661
0.23719
0.2378
0.23845
0.23912
0.23982
0.24054
0.24128
0.24203
0.24278
0.24353
0.24428
0.24501
0.24573
0.24644
0.24712
0.24777
0.24838
0.24896
0.2495
0.24999
0.25044
0.25084
0.25119
0.25148
0.25172
0.2519
0.25203
0.2521
0.25212
0.25208
0.25198
0.25184
0.25165
0.25141
0.25112
0.2508
0.25044
0.25004
0.24961
0.24916
0.24869
0.2482
0.24769
0.24718
0.24665
0.24613
0.24561
0.2451
0.24459
0.24409
0.24361
0.24315
0.2427
0.24227
0.24187
0.24149
0.24113
0.24079
0.24048
0.2402
0.23994
0.2397
0.23949
0.2393
0.23913
0.23898
0.23886
0.23876
0.23867
0.23861
0.23856
0.23853
0.23852
0.23853
0.23855
0.23859
0.23864
0.23871
0.23879
0.23889
0.23899
0.2391
0.23922
0.23935
0.23947
0.2396
0.23973
0.23985
0.23996
0.24005
0.24014
0.2402
0.24024
0.24025
0.24023
0.24017
0.24008
0.23994
0.23976
0.23953
0.23925
0.23892
0.23853
0.23809
0.2376
0.23705
0.23644
0.23578
0.23507
0.23431
0.2335
0.23265
0.23175
0.23082
0.22985
0.22885
0.22782
0.22678
0.22571
0.22463
0.22355
0.22245
0.22136
0.22026
0.21917
0.21809
0.21701
0.21595
0.2149
0.21386
0.21284
0.21183
0.21084
0.20987
0.2089
0.20795
0.20702
0.20609
0.20518
0.20427
0.20337
0.20247
0.20157
0.20068
0.19978
0.19887
0.19796
0.19704
0.19611
0.19517
0.19421
0.19324
0.19225
0.19123
0.1902
0.18914
0.18805
0.18694
0.1858
0.18463
0.18343
0.1822
0.18093
0.17964
0.17831
0.17696
0.17557
0.17415
0.1727
0.17122
0.16972
0.16819
0.16664
0.16506
0.16348
0.16187
0.16026
0.15864
0.15702
0.1554
0.15379
0.15218
0.15059
0.14902
0.14746
0.14594
0.14444
0.14297
0.14154
0.14015
0.13879
0.13748
0.13622
0.135
0.13382
0.1327
0.13162
0.13059
0.1296
0.12867
0.12778
0.12693
0.12613
0.12537
0.12465
0.12397
0.12332
0.12272
0.12214
0.1216
0.12109
0.12061
0.12016
0.11973
0.11933
0.11895
0.11859
0.11825
0.11793
0.11762
0.11733
0.11706
0.1168
0.11654
0.1163
0.11606
0.11583
0.11561
0.11538
0.11515
0.11492
0.11469
0.11445
0.1142
0.11395
0.11368
0.1134
0.1131
0.11279
0.11245
0.1121
0.11173
0.11133
0.11091
0.11047
0.10999
0.1095
0.10898
0.10842
0.10785
0.10724
0.10661
0.10594
0.10525
0.10454
0.10379
0.10302
0.10222
0.1014
0.10056
0.099685
0.098792
0.097877
0.096941
0.095986
0.095011
0.094018
0.093009
0.091984
0.090944
0.089891
0.088825
0.087749
0.086662
0.085567
0.084465
0.083357
0.082246
0.081133
0.080021
0.07891
0.077804
0.076706
0.075618
0.074543
0.073484
0.072445
0.071428
0.070438
0.069477
0.06855
0.06766
0.06681
0.066004
0.065245
0.064535
0.063878
0.063275
0.062728
0.062238
0.061807
0.061434
0.06112
0.060864
0.060665
0.060521
0.060429
0.060387
0.060392
0.060441
0.06053
0.060654
0.06081
0.060993
0.061199
0.061424
0.061663
0.061913
0.062171
0.062431
0.062693
0.062952
0.063207
0.063455
0.063695
0.063926
0.064147
0.064357
0.064558
0.064748
0.064928
0.065099
0.065262
0.065418
0.065566
0.065709
0.065846
0.06598
0.066109
0.066235
0.066358
0.066478
0.066594
0.066708
0.066817
0.066922
0.067023
0.067118
0.067206
0.067288
0.067362
0.067427
0.067484
0.067531
0.067569
0.067597
0.067616
0.067625
0.067626
0.067619
0.067605
0.067585
0.067561
0.067534
0.067506
0.067478
0.067452
0.06743
0.067413
0.067403
0.067402
0.067411
0.067431
0.067464
0.067508
0.067566
0.067638
0.067722
0.067819
0.067928
0.068047
0.068175
0.068311
0.068452
0.068596
0.068741
0.068885
0.069024
0.069156
0.069279
0.06939
0.069486
0.069565
0.069625
0.069664
0.06968
0.069673
0.069639
0.06958
0.069495
0.069382
0.069243
0.069078
0.068887
0.068672
0.068433
0.068172
0.067889
0.067587
0.067267
0.066931
0.06658
0.066215
0.065838
0.06545
0.065054
0.064648
0.064235
0.063816
0.063391
0.062961
0.062526
0.062086
0.061643
0.061197
0.060747
0.060295
0.05984
0.059383
0.058925
0.058465
0.058006
0.057547
0.05709
0.056635
0.056184
0.055738
0.055298
0.054865
0.054442
0.054028
0.053627
0.053239
0.052865
0.052507
0.052165
0.051841
0.051536
0.051249
0.050982
0.050734
0.050506
0.050296
0.050105
0.049931
0.049774
0.049633
0.049506
0.049392
0.04929
0.049197
0.049112
0.049034
0.048961
0.048892
0.048824
0.048756
0.048687
0.048616
0.048542
0.048463
0.04838
0.04829
0.048193
0.048089
0.047977
0.047857
0.047729
0.047591
0.047444
0.047288
0.047121
0.046943
0.046754
0.046552
0.046338
0.046109
0.045865
0.045605
0.045326
0.045028
0.044708
0.044366
0.043997
0.043602
0.043177
0.04272
0.042228
0.0417
0.041133
0.040524
0.039872
0.039174
0.038429
0.037633
0.036787
0.035887
0.034934
0.033927
0.032864
0.031747
0.030575
0.029349
0.028071
0.026743
0.025366
0.023944
0.022479
0.020975
0.019437
0.017868
0.016273
0.014659
0.013028
0.011388
0.0097443
0.0081016
0.0064661
0.0048431
0.0032382
0.0016564
0.00010266
-0.0014185
-0.0029029
-0.0043468
-0.0057468
-0.0071002
-0.0084044
-0.0096575
-0.010858
-0.012005
-0.013098
-0.014136
-0.01512
-0.01605
-0.016926
-0.017749
-0.018519
-0.019239
-0.019907
-0.020526
-0.021094
-0.021613
-0.022082
-0.0225
-0.022866
-0.023179
-0.023434
-0.02363
-0.023762
-0.023823
-0.023809
-0.02371
-0.023519
-0.023223
-0.022813
-0.022274
-0.021592
-0.020749
-0.019729
-0.018511
-0.017076
-0.0154
-0.013461
-0.011235
-0.0086986
-0.0058263
-0.0025942
0.0010215
0.0050434
0.0094927
0.014389
0.019748
0.025585
0.031911
0.038732
0.046051
0.053867
0.062175
0.070963
0.080216
0.089914
0.10003
0.11054
0.12141
0.1326
0.14407
0.15578
0.16769
0.17974
0.19189
0.20409
0.2163
0.22847
0.24056
0.25252
0.26432
0.27593
0.28731
0.29843
0.30927
0.31981
0.33004
0.33995
0.34953
0.35877
0.36767
0.37625
0.3845
0.39243
0.40005
0.40737
0.4144
0.42117
0.42767
0.43392
0.43994
0.44573
0.45132
0.4567
0.4619
0.46691
0.47175
0.47643
0.48095
0.48532
0.48954
0.49363
0.49758
0.5014
0.5051
0.50868
0.51215
0.51551
0.51877
0.52194
0.52502
0.52802
0.53095
0.53381
0.53661
0.53936
0.54207
0.54475
0.5474
0.55003
0.55266
0.55528
0.5579
0.56053
0.56318
0.56585
0.56854
0.57126
0.57401
0.57679
0.57961
0.58246
0.58534
0.58826
0.59121
0.59418
0.59719
0.60022
0.60327
0.60634
0.60942
0.61251
0.61561
0.61871
0.62181
0.6249
0.62798
0.63105
0.63409
0.63712
0.64012
0.64309
0.64604
0.64895
0.65182
0.65466
0.65746
0.66022
0.66295
0.66563
0.66827
0.67087
0.67343
0.67595
0.67843
0.68087
0.68328
0.68565
0.68798
0.69029
0.69255
0.69479
0.697
0.69917
0.70132
0.70344
0.70554
0.7076
0.70964
0.71166
0.71364
0.71561
0.71754
0.71945
0.72133
0.72319
0.72502
0.72682
0.7286
0.73034
0.73206
0.73375
0.73541
0.73704
0.73865
0.74022
0.74177
0.74328
0.74477
0.74624
0.74767
0.74909
0.75047
0.75184
0.75319
0.75452
0.75583
0.75713
0.75842
0.75971
0.76099
0.76228
0.76357
0.76488
0.7662
0.76754
0.76891
0.77032
0.77176
0.77324
0.77478
0.77636
0.77801
0.77971
0.78147
0.78331
0.7852
0.78717
0.7892
0.7913
0.79347
0.79569
0.79797
0.8003
0.80267
0.80509
0.80753
0.81
0.81249
0.81498
0.81748
0.81996
0.82243
0.82488
0.8273
0.82968
0.83202
0.83431
0.83656
0.83875
0.84088
0.84296
0.84498
0.84694
0.84885
0.8507
0.85249
0.85423
0.85592
0.85756
0.85916
0.86071
0.86222
0.86369
0.86513
0.86653
0.8679
0.86923
0.87054
0.87182
0.87307
0.87429
0.87548
0.87665
0.87779
0.8789
0.87999
0.88104
0.88208
0.88308
0.88406
0.88502
0.88595
0.88686
0.88774
0.8886
0.88944
0.89026
0.89106
0.89185
0.89262
0.89337
0.89412
0.89485
0.89558
0.8963
0.89701
0.89773
0.89844
0.89915
0.89987
0.9006
0.90133
0.90207
0.90281
0.90358
0.90435
0.90513
0.90593
0.90674
0.90757
0.90841
0.90926
0.91012
0.91099
0.91188
0.91276
0.91366
0.91456
0.91546
0.91636
0.91726
0.91815
0.91904
0.91991
0.92078
0.92163
0.92246
0.92328
0.92407
0.92485
0.9256
0.92634
0.92705
0.92773
0.9284
0.92904
0.92965
0.93025
0.93082
0.93138
0.93191
0.93243
0.93294
0.93343
0.9339
0.93437
0.93483
0.93529
0.93574
0.93619
0.93664
0.93709
0.93755
0.93802
0.93849
0.93897
0.93946
0.93997
0.94049
0.94102
0.94157
0.94213
0.94271
0.9433
0.94391
0.94453
0.94517
0.94582
0.94648
0.94716
0.94785
0.94854
0.94925
0.94996
0.95069
0.95141
0.95215
0.95289
0.95363
0.95438
0.95513
0.95589
0.95665
0.95741
0.95818
0.95895
0.95973
0.96051
0.9613
0.9621
0.96291
0.96372
0.96455
0.96538
0.96623
0.96709
0.96796
0.96885
0.96974
0.97065
0.97158
0.97251
0.97346
0.97442
0.97539
0.97638
0.97737
0.97837
0.97938
0.98039
0.98142
0.98244
0.98347
0.9845
0.98553
0.98657
0.9876
0.98862
0.98965
0.99066
0.99167
0.99268
0.99367
0.99465
0.99562
0.99658
0.99752
0.99845
0.99936
1.0003
1.0011
1.002
1.0028
1.0036
1.0044
1.0052
1.0059
1.0066
1.0073
1.008
1.0087
1.0093
1.0099
1.0105
1.011
1.0115
1.012
1.0125
1.013
1.0134
1.0138
1.0142
1.0146
1.015
1.0153
1.0156
1.0159
1.0162
1.0165
1.0168
1.017
1.0173
1.0175
1.0177
1.0179
1.0181
1.0183
1.0184
1.0186
1.0187
1.0189
1.019
1.0191
1.0192
1.0193
1.0194
1.0195
1.0196
1.0197
1.0197
1.0198
1.0199
1.0199
1.0199
1.02
1.02
1.02
1.0201
1.0201
1.0201
1.0201
1.02
1.02
1.02
1.02
1.0199
1.0199
1.0198
1.0197
1.0197
1.0196
1.0195
1.0194
1.0193
1.0191
1.019
1.0188
1.0187
1.0185
1.0183
1.0182
1.018
1.0178
1.0176
1.0174
1.0171
1.0169
1.0167
1.0165
1.0162
1.016
1.0158
1.0156
1.0153
1.0151
1.0149
1.0147
1.0145
1.0143
1.0141
1.0139
1.0137
1.0135
1.0133
1.0131
1.0129
1.0127
1.0125
1.0122
1.012
1.0118
1.0115
1.0113
1.011
1.0107
1.0104
1.0101
1.0098
1.0094
1.009
1.0086
1.0082
1.0078
1.0073
1.0068
1.0063
1.0057
1.0052
1.0046
1.004
1.0034
1.0027
1.0021
1.0014
1.0008
1.0001
0.9994
0.99871
0.99802
0.99732
0.99662
0.99593
0.99524
0.99456
0.99388
0.99321
0.99255
0.99189
0.99125
0.99062
0.99
0.98939
0.9888
0.98821
0.98764
0.98707
0.98652
0.98598
0.98544
0.98492
0.9844
0.98389
0.98339
0.98288
0.98238
0.98189
0.98139
0.98088
0.98038
0.97986
0.97934
0.97881
0.97826
0.9777
0.97712
0.97653
0.97591
0.97527
0.97461
0.97392
0.9732
0.97246
0.97169
0.9709
0.97007
0.96922
0.96835
0.96744
0.96652
0.96557
0.96461
0.96362
0.96263
0.96162
0.9606
0.95958
0.95856
0.95754
0.95653
0.95552
0.95453
0.95355
0.95259
0.95165
0.95073
0.94984
0.94898
0.94814
0.94734
0.94656
0.94581
0.9451
0.94441
0.94375
0.94312
0.94251
0.94193
0.94136
0.94082
0.94029
0.93977
0.93927
0.93877
0.93827
0.93777
0.93727
0.93675
0.93623
0.9357
0.93515
0.93457
0.93398
0.93335
0.9327
0.93202
0.9313
0.93055
0.92977
0.92894
0.92808
0.92717
0.92623
0.92524
0.92421
0.92313
0.92201
0.92085
0.91965
0.9184
0.91711
0.91577
0.91439
0.91296
0.91149
0.90998
0.90842
0.90681
0.90517
0.90347
0.90174
0.89996
0.89813
0.89626
0.89435
0.8924
0.89041
0.88838
0.88632
0.88421
0.88208
0.87991
0.87772
0.8755
0.87326
0.871
0.86872
0.86643
0.86414
0.86183
0.85952
0.85722
0.85492
0.85262
0.85034
0.84807
0.84581
0.84357
0.84135
0.83915
0.83697
0.83482
0.83269
0.83058
0.8285
0.82645
0.82442
0.82241
0.82043
0.81847
0.81654
0.81462
0.81273
0.81086
0.80901
0.80718
0.80537
0.80357
0.80179
0.80003
0.79828
0.79654
0.79481
0.79309
0.79138
0.78968
0.78798
0.78629
0.7846
0.78291
0.78122
0.77953
0.77783
0.77612
0.77441
0.77268
0.77094
0.76918
0.76741
0.76561
0.76379
0.76195
0.76007
0.75817
0.75624
0.75427
0.75227
0.75023
0.74816
0.74604
0.7439
0.74171
0.73949
0.73724
0.73495
0.73263
0.73028
0.72791
0.72551
0.7231
0.72067
0.71823
0.71579
0.71334
0.7109
0.70847
0.70605
0.70365
0.70128
0.69893
0.69662
0.69434
0.6921
0.68992
0.68778
0.68569
0.68366
0.68168
0.67977
0.67792
0.67613
0.67441
0.67275
0.67116
0.66964
0.66819
0.6668
0.66549
0.66423
0.66305
0.66192
0.66087
0.65987
0.65893
0.65805
0.65723
0.65646
0.65574
0.65507
0.65445
0.65388
0.65334
0.65284
0.65238
0.65194
0.65154
0.65116
0.6508
0.65046
0.65013
0.6498
0.64948
0.64916
0.64884
0.64851
0.64816
0.64779
0.6474
0.64697
0.64652
0.64602
0.64548
0.64489
0.64424
0.64354
0.64278
0.64195
0.64105
0.64008
0.63904
0.63792
0.63673
0.63546
0.63411
0.63269
0.6312
0.62964
0.62801
0.62632
0.62458
0.62277
0.62092
0.61903
0.6171
0.61514
0.61316
0.61116
0.60914
0.60712
0.60509
0.60307
0.60106
0.59905
0.59706
0.59508
0.59312
0.59117
0.58925
0.58735
0.58546
0.58359
0.58173
0.57989
0.57806
0.57623
0.57441
0.57258
0.57075
0.56892
0.56707
0.56522
0.56334
0.56144
0.55952
0.55757
0.5556
0.55359
0.55155
0.54948
0.54738
0.54524
0.54307
0.54087
0.53864
0.53638
0.5341
0.5318
0.52947
0.52713
0.52478
0.52243
0.52007
0.51771
0.51536
0.51303
0.51071
0.50842
0.50615
0.50392
0.50172
0.49957
0.49745
0.49539
0.49338
0.49143
0.48953
0.4877
0.48593
0.48422
0.48258
0.48101
0.47951
0.47807
0.47671
0.47542
0.4742
0.47305
0.47198
0.47097
0.47003
0.46916
0.46836
0.46763
0.46696
0.46635
0.46581
0.46532
0.46488
0.4645
0.46417
0.46387
0.46363
0.46341
0.46323
0.46308
0.46295
0.46284
0.46274
0.46266
0.46259
0.46252
0.46245
0.46238
0.4623
0.46222
0.46214
0.46204
0.46193
0.46181
0.46169
0.46155
0.4614
0.46124
0.46108
0.4609
0.46072
0.46053
0.46033
0.46013
0.45992
0.4597
0.45948
0.45926
0.45902
0.45878
0.45853
0.45828
0.45801
0.45774
0.45745
0.45715
0.45683
0.45651
0.45617
0.45581
0.45544
0.45505
0.45465
0.45424
0.45381
0.45336
0.45291
0.45244
0.45196
0.45146
0.45096
0.45045
0.44994
0.44941
0.44888
0.44834
0.4478
0.44724
0.44669
0.44612
0.44555
0.44497
0.44438
0.44378
0.44317
0.44255
0.44192
0.44128
0.44061
0.43994
0.43925
0.43854
0.43781
0.43706
0.43629
0.4355
0.43469
0.43385
0.433
0.43211
0.43121
0.43028
0.42932
0.42833
0.42732
0.42627
0.4252
0.4241
0.42297
0.4218
0.4206
0.41936
0.41809
0.41678
0.41543
0.41405
0.41262
0.41115
0.40964
0.40809
0.40649
0.40485
0.40317
0.40144
0.39967
0.39785
0.396
0.3941
0.39217
0.3902
0.3882
0.38617
0.38412
0.38204
0.37994
0.37783
0.37571
0.37359
0.37147
0.36935
0.36725
0.36517
0.36311
0.36108
0.35909
0.35713
0.35523
0.35337
0.35157
0.34983
0.34815
0.34653
0.34499
0.34351
0.34211
0.34077
0.33952
0.33833
0.33722
0.33618
0.33521
0.33431
0.33348
0.33271
0.332
0.33135
0.33076
0.33022
0.32973
0.32929
0.32889
0.32853
0.3282
0.32792
0.32766
0.32743
0.32722
0.32704
0.32687
0.32672
0.32658
0.32645
0.32633
0.32621
0.3261
0.32598
0.32585
0.32572
0.32557
0.3254
0.32522
0.32501
0.32478
0.32452
0.32422
0.32389
0.32351
0.32309
0.32263
0.32211
0.32155
0.32092
0.32024
0.3195
0.3187
0.31783
0.3169
0.31591
0.31485
0.31372
0.31254
0.31128
0.30997
0.3086
0.30717
0.30569
0.30415
0.30257
0.30095
0.29929
0.29759
0.29586
0.29411
0.29234
0.29056
0.28877
0.28697
0.28518
0.2834
0.28164
0.27989
0.27817
0.27648
0.27483
0.27321
0.27163
0.2701
0.26862
0.26719
0.26581
0.26449
0.26322
0.26201
0.26085
0.25975
0.2587
0.2577
0.25675
0.25585
0.25499
0.25417
0.25339
0.25264
0.25192
0.25123
0.25056
0.24991
0.24927
0.24864
0.24801
0.24739
0.24676
0.24613
0.24548
0.24482
0.24415
0.24346
0.24275
0.24201
0.24125
0.24045
0.23963
0.23878
0.2379
0.23698
0.23603
0.23504
0.23401
0.23295
0.23185
0.23071
0.22953
0.22831
0.22706
0.22576
0.22442
0.22304
0.22162
0.22017
0.21867
0.21714
0.21557
0.21397
0.21234
0.21068
0.20898
0.20727
0.20553
0.20378
0.20201
0.20024
0.19845
0.19667
0.19489
0.19312
0.19135
0.18961
0.18788
0.18618
0.18451
0.18286
0.18125
0.17968
0.17815
0.17665
0.1752
0.17379
0.17242
0.1711
0.16981
0.16857
0.16737
0.1662
0.16507
0.16398
0.16292
0.16189
0.16089
0.15991
0.15896
0.15804
0.15713
0.15625
0.15538
0.15454
0.15371
0.15289
0.1521
0.15132
0.15056
0.14981
0.14909
0.14838
0.14769
0.14702
0.14637
0.14575
0.14514
0.14456
0.14401
0.14348
0.14298
0.1425
0.14206
0.14164
0.14125
0.14089
0.14056
0.14027
0.14
0.13976
0.13956
0.13938
0.13924
0.13913
0.13904
0.13898
0.13896
0.13896
0.13899
0.13904
0.13912
0.13923
0.13935
0.13951
0.13968
0.13988
0.1401
0.14033
0.14059
0.14087
0.14116
0.14147
0.1418
0.14214
0.14249
0.14286
0.14324
0.14363
0.14403
0.14444
0.14485
0.14527
0.14568
0.1461
0.14651
0.14691
0.1473
0.14768
0.14804
0.14839
0.14871
0.14901
0.14927
0.14951
0.14971
0.14987
0.15
0.15008
0.15013
0.15013
0.15008
0.15
0.14987
0.1497
0.14948
0.14923
0.14895
0.14863
0.14828
0.14791
0.14751
0.14709
0.14666
0.14622
0.14577
0.14532
0.14487
0.14442
0.14398
0.14356
0.14315
0.14275
0.14237
0.14202
0.14168
0.14137
0.14108
0.14081
0.14057
0.14035
0.14015
0.13997
0.13982
0.13968
0.13956
0.13945
0.13936
0.13928
0.13921
0.13914
0.13909
0.13903
0.13898
0.13892
0.13887
0.1388
0.13873
0.13865
0.13855
0.13843
0.13829
0.13813
0.13794
0.13773
0.13747
0.13718
0.13684
0.13645
0.13602
0.13553
0.13497
0.13435
0.13367
0.13291
0.13207
0.13115
0.13015
0.12906
0.12789
0.12663
0.12528
0.12383
0.1223
0.12069
0.11899
0.1172
0.11535
0.11342
0.11142
0.10936
0.10725
0.1051
0.10291
0.10069
0.098451
0.0962
0.093947
0.091701
0.089469
0.087261
0.085085
0.082947
0.080854
0.078814
0.076832
0.074913
0.073062
0.071282
0.069577
0.067948
0.066398
0.064928
0.063539
0.06223
0.061002
0.059853
0.058782
0.057789
0.05687
0.056025
0.055251
0.054545
0.053906
0.05333
0.052816
0.052359
0.051959
0.051611
0.051314
0.051065
0.050861
0.0507
0.050579
0.050496
0.050448
0.050434
0.050451
0.050497
0.05057
0.050669
0.050791
0.050935
0.0511
0.051283
0.051483
0.051699
0.05193
0.052174
0.05243
0.052696
0.052971
0.053254
0.053542
0.053836
0.054133
0.054431
0.054728
0.055024
0.055315
0.0556
0.055877
0.056144
0.056399
0.056639
0.056862
0.057065
0.057247
0.057405
0.057536
0.057638
0.057709
0.057745
0.057745
0.057705
0.057624
0.057499
0.057327
0.057106
0.056834
0.056508
0.056125
0.055685
0.055185
0.054623
0.053998
0.053309
0.052555
0.051735
0.05085
0.049899
0.048884
0.047805
0.046666
0.045467
0.044213
0.042907
0.041551
0.040152
0.038714
0.037241
0.03574
0.034216
0.032675
0.031124
0.029568
0.028013
0.026465
0.02493
0.023413
0.021919
0.020452
0.019016
0.017614
0.016251
0.014927
0.013645
0.012405
0.011209
0.010057
0.0089483
0.0078822
0.0068576
0.0058733
0.0049276
0.0040186
0.0031445
0.002303
0.0014923
0.00071012
-4.5385e-05
-0.00077616
-0.001484
-0.0021704
-0.002837
-0.0034849
-0.0041153
-0.0047291
-0.005327
-0.0059096
-0.0064773
-0.0070304
-0.007569
-0.0080932
-0.0086029
-0.009098
-0.0095783
-0.010043
-0.010493
-0.010927
-0.011345
-0.011746
-0.012129
-0.012496
-0.012844
-0.013173
-0.013483
-0.013773
-0.014043
-0.014292
-0.014519
-0.014724
-0.014907
-0.015065
-0.0152
-0.015311
-0.015397
-0.015458
-0.015494
-0.015505
-0.015491
-0.015452
-0.015388
-0.0153
-0.015189
-0.015056
-0.014902
-0.014728
-0.014536
-0.014328
-0.014105
-0.013869
-0.013624
-0.01337
-0.01311
-0.012848
-0.012585
-0.012323
-0.012066
-0.011816
-0.011574
-0.011344
-0.011127
-0.010925
-0.010741
-0.010574
-0.010428
-0.010302
-0.010197
-0.010115
-0.010054
-0.010016
-0.01
-0.010005
-0.01003
-0.010075
-0.010137
-0.010216
-0.010309
-0.010416
-0.010532
-0.010657
-0.010787
-0.01092
-0.011054
-0.011186
-0.011312
-0.01143
-0.011537
-0.011631
-0.011707
-0.011765
-0.0118
-0.01181
-0.011792
-0.011745
-0.011666
-0.011553
-0.011405
-0.011219
-0.010995
-0.010732
-0.01043
-0.010088
-0.0097066
-0.0092867
-0.0088294
-0.0083363
-0.0078094
-0.0072512
-0.0066647
-0.0060532
-0.0054204
-0.0047704
-0.0041076
-0.0034367
-0.0027627
-0.0020907
-0.0014261
-0.00077415
-0.00014028
0.00047016
0.0010519
0.0015999
0.0021093
0.0025755
0.0029942
0.0033615
0.0036741
0.003929
0.0041236
0.004256
0.0043249
0.0043293
0.004269
0.0041443
0.0039561
0.0037056
0.0033948
0.0030261
0.0026024
0.0021269
0.0016033
0.0010357
0.00042819
-0.00021455
-0.00088788
-0.001587
-0.0023069
-0.0030427
-0.0037895
-0.0045424
-0.0052967
-0.0060479
-0.0067913
-0.007523
-0.0082389
-0.0089352
-0.0096085
-0.010256
-0.010874
-0.01146
-0.012012
-0.012528
-0.013006
-0.013445
-0.013843
-0.0142
-0.014514
-0.014786
-0.015015
-0.015201
-0.015346
-0.015448
-0.015511
-0.015534
-0.015519
-0.015468
-0.015384
-0.015268
-0.015122
-0.014951
-0.014756
-0.014542
-0.01431
-0.014065
-0.01381
-0.013549
-0.013284
-0.013021
-0.012761
-0.012508
-0.012266
-0.012037
-0.011823
-0.011628
-0.011452
-0.011298
-0.011168
-0.011061
-0.01098
-0.010925
-0.010895
-0.01089
-0.010911
-0.010956
-0.011025
-0.011116
-0.01123
-0.011363
-0.011515
-0.011684
-0.011869
-0.012069
-0.012281
-0.012504
-0.012737
-0.012977
-0.013224
-0.013476
-0.013731
-0.013988
-0.014244
-0.0145
-0.014752
-0.014999
-0.015239
-0.015471
-0.015693
-0.015902
-0.016097
-0.016276
-0.016435
-0.016573
-0.016687
-0.016774
-0.01683
-0.016853
-0.016839
-0.016782
-0.01668
-0.016526
-0.016315
-0.01604
-0.015693
-0.015266
-0.01475
-0.014134
-0.013406
-0.012553
-0.011561
-0.010414
-0.0090946
-0.0075844
-0.0058637
-0.0039117
-0.0017068
0.00077342
0.0035519
0.0066516
0.010095
0.013906
0.018103
0.022708
0.027738
0.03321
0.039135
0.045524
0.052382
0.059713
0.067515
0.075781
0.084501
0.093659
0.10324
0.11321
0.12355
0.13422
0.14518
0.15641
0.16785
0.17947
0.1912
0.20302
0.21487
0.2267
0.23846
0.25012
0.26163
0.27295
0.28405
0.29488
0.30542
0.31565
0.32554
0.33508
0.34425
0.35304
0.36146
0.36949
0.37715
0.38445
0.39138
0.39798
0.40424
0.41019
0.41585
0.42123
0.42637
0.43127
0.43597
0.44048
0.44482
0.44901
0.45308
0.45703
0.46089
0.46467
0.46838
0.47204
0.47565
0.47923
0.48277
0.48629
0.4898
0.49329
0.49676
0.50023
0.50369
0.50713
0.51057
0.51399
0.51741
0.52081
0.52419
0.52756
0.53091
0.53424
0.53755
0.54083
0.54408
0.54731
0.5505
0.55366
0.55679
0.55988
0.56294
0.56596
0.56894
0.57187
0.57477
0.57763
0.58045
0.58322
0.58596
0.58865
0.59131
0.59394
0.59653
0.59909
0.60162
0.60412
0.60661
0.60907
0.61151
0.61395
0.61637
0.61878
0.62119
0.6236
0.62601
0.62842
0.63084
0.63326
0.63569
0.63812
0.64056
0.64301
0.64546
0.64792
0.65038
0.65284
0.6553
0.65776
0.66021
0.66266
0.6651
0.66752
0.66994
0.67234
0.67472
0.67708
0.67942
0.68174
0.68404
0.68631
0.68856
0.69078
0.69297
0.69514
0.69728
0.6994
0.70149
0.70356
0.70561
0.70763
0.70963
0.71162
0.71358
0.71552
0.71745
0.71936
0.72125
0.72313
0.725
0.72685
0.72869
0.73051
0.73231
0.7341
0.73588
0.73763
0.73937
0.74108
0.74277
0.74443
0.74607
0.74768
0.74926
0.7508
0.75232
0.75379
0.75524
0.75664
0.75801
0.75934
0.76064
0.7619
0.76312
0.76431
0.76547
0.7666
0.76769
0.76876
0.7698
0.77081
0.77181
0.77278
0.77374
0.77468
0.7756
0.77652
0.77742
0.77831
0.7792
0.78008
0.78096
0.78184
0.78271
0.78358
0.78446
0.78534
0.78622
0.78712
0.78801
0.78892
0.78984
0.79077
0.79172
0.79268
0.79367
0.79467
0.79569
0.79674
0.79782
0.79893
0.80006
0.80123
0.80244
0.80368
0.80496
0.80628
0.80764
0.80904
0.81049
0.81198
0.81352
0.8151
0.81673
0.81841
0.82013
0.82189
0.8237
0.82555
0.82744
0.82936
0.83132
0.83331
0.83533
0.83738
0.83944
0.84152
0.84361
0.84571
0.84782
0.84992
0.85202
0.85412
0.85619
0.85826
0.8603
0.86232
0.86432
0.86629
0.86823
0.87014
0.87202
0.87386
0.87567
0.87744
0.87918
0.88088
0.88255
0.88418
0.88577
0.88734
0.88886
0.89036
0.89182
0.89325
0.89465
0.89602
0.89736
0.89867
0.89995
0.9012
0.90242
0.90362
0.90478
0.90592
0.90704
0.90812
0.90918
0.91021
0.91122
0.9122
0.91316
0.91409
0.915
0.91588
0.91674
0.91757
0.91838
0.91917
0.91994
0.92069
0.92141
0.92212
0.9228
0.92346
0.9241
0.92473
0.92533
0.92591
0.92648
0.92703
0.92756
0.92807
0.92857
0.92904
0.92951
0.92995
0.93038
0.9308
0.93119
0.93158
0.93195
0.93231
0.93265
0.93299
0.93331
0.93362
0.93392
0.93422
0.9345
0.93478
0.93506
0.93533
0.9356
0.93587
0.93614
0.93641
0.93668
0.93696
0.93724
0.93753
0.93783
0.93814
0.93845
0.93878
0.93912
0.93947
0.93984
0.94022
0.94061
0.94102
0.94144
0.94188
0.94234
0.94281
0.94329
0.94379
0.94431
0.94484
0.94537
0.94593
0.94649
0.94706
0.94763
0.94822
0.9488
0.94939
0.94998
0.95057
0.95116
0.95174
0.95232
0.95288
0.95344
0.95398
0.95451
0.95502
0.95552
0.95599
0.95644
0.95688
0.95729
0.95767
0.95803
0.95836
0.95867
0.95895
0.9592
0.95943
0.95963
0.9598
0.95994
0.96006
0.96015
0.96021
0.96025
0.96026
0.96025
0.96021
0.96015
0.96007
0.95997
0.95985
0.95971
0.95955
0.95937
0.95918
0.95897
0.95875
0.95852
0.95828
0.95803
0.95778
0.95752
0.95725
0.95699
0.95672
0.95646
0.9562
0.95595
0.95571
0.95548
0.95525
0.95505
0.95485
0.95467
0.95451
0.95437
0.95425
0.95415
0.95407
0.95402
0.95398
0.95397
0.95398
0.95401
0.95406
0.95413
0.95422
0.95433
0.95445
0.95458
0.95473
0.95489
0.95506
0.95524
0.95542
0.9556
0.95579
0.95597
0.95616
0.95634
0.95651
0.95667
0.95683
0.95697
0.95711
0.95723
0.95734
0.95744
0.95752
0.95758
0.95763
0.95767
0.95769
0.95769
0.95767
0.95764
0.9576
0.95753
0.95745
0.95736
0.95724
0.95712
0.95697
0.95682
0.95665
0.95646
0.95627
0.95606
0.95584
0.95561
0.95538
0.95513
0.95488
0.95463
0.95437
0.95411
0.95385
0.95359
0.95333
0.95307
0.95282
0.95258
0.95234
0.95212
0.9519
0.95169
0.95149
0.95131
0.95113
0.95097
0.95082
0.95068
0.95056
0.95044
0.95034
0.95025
0.95017
0.9501
0.95003
0.94998
0.94993
0.94989
0.94986
0.94983
0.9498
0.94978
0.94976
0.94974
0.94972
0.94971
0.94968
0.94966
0.94964
0.94961
0.94957
0.94954
0.94949
0.94944
0.94938
0.94931
0.94924
0.94916
0.94906
0.94896
0.94885
0.94872
0.94859
0.94844
0.94828
0.94811
0.94793
0.94774
0.94754
0.94733
0.9471
0.94687
0.94663
0.94638
0.94612
0.94585
0.94558
0.9453
0.94502
0.94474
0.94445
0.94417
0.94388
0.9436
0.94332
0.94304
0.94277
0.94251
0.94225
0.94201
0.94178
0.94156
0.94135
0.94117
0.94099