0.19155
0.19008
0.18855
0.18696
0.1853
0.18359
0.18182
0.18
0.17812
0.1762
0.17424
0.17224
0.17021
0.16816
0.16609
0.164
0.16191
0.15982
0.15774
0.15567
0.15362
0.1516
0.1496
0.14764
0.14572
0.14384
0.14201
0.14022
0.13848
0.13679
0.13516
0.13358
0.13205
0.13057
0.12914
0.12777
0.12645
0.12517
0.12395
0.12278
0.12166
0.12059
0.11957
0.1186
0.11768
0.11682
0.11602
0.11528
0.11461
0.114
0.11347
0.11303
0.11267
0.1124
0.11224
0.11219
0.11226
0.11246
0.1128
0.11329
0.11395
0.11478
0.1158
0.11702
0.11846
0.12013
0.12205
0.12422
0.12668
0.12943
0.13249
0.13588
0.13962
0.14373
0.14821
0.15309
0.15839
0.16411
0.17028
0.1769
0.18398
0.19154
0.19957
0.20808
0.21706
0.22652
0.23644
0.24681
0.25761
0.26882
0.28042
0.29238
0.30466
0.31723
0.33005
0.34308
0.35627
0.36958
0.38296
0.39637
0.40976
0.42309
0.4363
0.44936
0.46223
0.47487
0.48726
0.49935
0.51114
0.52259
0.53369
0.54443
0.55481
0.56482
0.57446
0.58374
0.59266
0.60124
0.60948
0.61741
0.62505
0.6324
0.63949
0.64634
0.65296
0.65938
0.66562
0.67169
0.67761
0.68339
0.68906
0.69462
0.70009
0.70547
0.71079
0.71604
0.72124
0.72639
0.73149
0.73656
0.74159
0.74659
0.75156
0.7565
0.76142
0.7663
0.77115
0.77597
0.78076
0.7855
0.79021
0.79487
0.79949
0.80405
0.80855
0.81299
0.81736
0.82165
0.82587
0.83
0.83405
0.838
0.84185
0.84561
0.84926
0.85281
0.85625
0.85958
0.86281
0.86593
0.86895
0.87188
0.8747
0.87743
0.88008
0.88265
0.88515
0.88758
0.88996
0.89229
0.89458
0.89685
0.8991
0.90134
0.90359
0.90585
0.90814
0.91046
0.91283
0.91526
0.91775
0.92031
0.92296
0.9257
0.92854
0.93148
0.93453
0.9377
0.94099
0.9444
0.94794
0.95161
0.95541
0.95934
0.9634
0.96759
0.9719
0.97633
0.98088
0.98554
0.9903
0.99516
1.0001
1.0051
1.0102
1.0154
1.0205
1.0257
1.031
1.0362
1.0414
1.0466
1.0518
1.0569
1.0619
1.0668
1.0716
1.0764
1.0809
1.0854
1.0897
1.0938
1.0978
1.1015
1.1051
1.1085
1.1116
1.1146
1.1173
1.1198
1.1221
1.1241
1.1259
1.1275
1.1289
1.13
1.131
1.1317
1.1322
1.1324
1.1325
1.1324
1.1322
1.1317
1.1311
1.1304
1.1295
1.1284
1.1273
1.1261
1.1247
1.1233
1.1218
1.1203
1.1187
1.1171
1.1155
1.1138
1.1121
1.1105
1.1088
1.1071
1.1055
1.1039
1.1023
1.1008
1.0992
1.0978
1.0963
1.0949
1.0936
1.0923
1.091
1.0898
1.0887
1.0876
1.0865
1.0855
1.0846
1.0836
1.0828
1.082
1.0812
1.0805
1.0798
1.0792
1.0786
1.078
1.0774
1.0769
1.0764
1.0759
1.0753
1.0748
1.0743
1.0738
1.0732
1.0726
1.0719
1.0712
1.0705
1.0697
1.0689
1.0679
1.0669
1.0659
1.0647
1.0635
1.0622
1.0609
1.0594
1.0579
1.0563
1.0547
1.0529
1.0511
1.0493
1.0473
1.0454
1.0433
1.0412
1.0391
1.0369
1.0347
1.0324
1.0301
1.0278
1.0255
1.0231
1.0207
1.0183
1.0158
1.0134
1.0109
1.0085
1.006
1.0036
1.0011
0.99869
0.99627
0.99387
0.99148
0.98911
0.98677
0.98445
0.98216
0.97989
0.97765
0.97543
0.97324
0.97106
0.96891
0.96676
0.96463
0.96251
0.96039
0.95826
0.95613
0.95398
0.95181
0.94961
0.94739
0.94512
0.94282
0.94048
0.93809
0.93566
0.93317
0.93064
0.92807
0.92545
0.92279
0.9201
0.91737
0.91463
0.91187
0.90911
0.90635
0.9036
0.90087
0.89817
0.89552
0.89292
0.89038
0.88791
0.88551
0.8832
0.88099
0.87887
0.87685
0.87494
0.87313
0.87143
0.86985
0.86837
0.86699
0.86572
0.86454
0.86347
0.86247
0.86156
0.86073
0.85997
0.85926
0.85861
0.858
0.85743
0.85689
0.85636
0.85585
0.85534
0.85482
0.85429
0.85374
0.85316
0.85254
0.85188
0.85117
0.85041
0.84959
0.8487
0.84774
0.84671
0.8456
0.84442
0.84315
0.84181
0.84038
0.83887
0.83729
0.83562
0.83389
0.83208
0.8302
0.82826
0.82627
0.82421
0.82211
0.81997
0.81778
0.81557
0.81332
0.81105
0.80877
0.80647
0.80416
0.80185
0.79953
0.79722
0.79491
0.79261
0.79032
0.78804
0.78578
0.78353
0.7813
0.77908
0.77688
0.7747
0.77254
0.77041
0.76829
0.76619
0.76411
0.76206
0.76002
0.75801
0.75602
0.75405
0.7521
0.75017
0.74825
0.74635
0.74447
0.74259
0.74072
0.73886
0.73701
0.73515
0.73328
0.7314
0.72951
0.72761
0.72567
0.72371
0.72172
0.71969
0.71761
0.71549
0.71332
0.7111
0.70882
0.70649
0.70409
0.70164
0.69912
0.69654
0.6939
0.6912
0.68845
0.68564
0.68278
0.67988
0.67694
0.67396
0.67095
0.66792
0.66487
0.6618
0.65874
0.65568
0.65262
0.64959
0.64657
0.64358
0.64063
0.63771
0.63484
0.63202
0.62925
0.62653
0.62387
0.62128
0.61875
0.61628
0.61389
0.61155
0.60929
0.60709
0.60496
0.60289
0.60089
0.59895
0.59708
0.59527
0.59352
0.59183
0.59019
0.58862
0.5871
0.58563
0.58422
0.58286
0.58155
0.58029
0.57908
0.57792
0.5768
0.57573
0.5747
0.57371
0.57276
0.57186
0.57099
0.57015
0.56935
0.56859
0.56785
0.56713
0.56645
0.56578
0.56513
0.5645
0.56389
0.56328
0.56269
0.5621
0.56151
0.56092
0.56033
0.55973
0.55913
0.55851
0.55787
0.55722
0.55655
0.55586
0.55514
0.5544
0.55362
0.55282
0.55198
0.55111
0.5502
0.54926
0.54827
0.54725
0.54618
0.54507
0.54392
0.54273
0.54149
0.54021
0.53888
0.53751
0.5361
0.53464
0.53315
0.53161
0.53004
0.52843
0.52678
0.52511
0.52341
0.52169
0.51995
0.5182
0.51644
0.51467
0.51292
0.51117
0.50944
0.50773
0.50606
0.50442
0.50282
0.50128
0.4998
0.49838
0.49702
0.49575
0.49455
0.49343
0.4924
0.49146
0.4906
0.48984
0.48916
0.48858
0.48807
0.48766
0.48732
0.48705
0.48686
0.48673
0.48666
0.48664
0.48666
0.48672
0.48681
0.48692
0.48705
0.48718
0.48732
0.48746
0.48758
0.48769
0.48777
0.48784
0.48787
0.48787
0.48784
0.48777
0.48766
0.48751
0.48732
0.48708
0.48681
0.48649
0.48612
0.48572
0.48527
0.48478
0.48426
0.48369
0.48308
0.48244
0.48177
0.48106
0.48032
0.47956
0.47877
0.47796
0.47714
0.4763
0.47545
0.47459
0.47373
0.47288
0.47203
0.47119
0.47037
0.46956
0.46878
0.46802
0.46729
0.46659
0.46592
0.46528
0.46468
0.46411
0.46357
0.46305
0.46257
0.46211
0.46167
0.46124
0.46083
0.46043
0.46003
0.45963
0.45923
0.45881
0.45839
0.45795
0.45748
0.457
0.4565
0.45597
0.45541
0.45484
0.45424
0.45361
0.45297
0.45231
0.45163
0.45094
0.45025
0.44955
0.44884
0.44814
0.44744
0.44675
0.44607
0.44541
0.44475
0.44412
0.4435
0.4429
0.44232
0.44175
0.44121
0.44068
0.44017
0.43967
0.43918
0.43871
0.43824
0.43778
0.43732
0.43686
0.4364
0.43593
0.43545
0.43495
0.43444
0.43391
0.43335
0.43277
0.43214
0.43148
0.43077
0.43001
0.42919
0.4283
0.42735
0.42632
0.4252
0.424
0.4227
0.42129
0.41978
0.41816
0.41642
0.41456
0.41258
0.41047
0.40823
0.40587
0.40338
0.40078
0.39806
0.39522
0.39229
0.38926
0.38614
0.38295
0.3797
0.37639
0.37305
0.36968
0.3663
0.36293
0.35957
0.35624
0.35295
0.34971
0.34654
0.34344
0.34043
0.33751
0.33469
0.33197
0.32936
0.32686
0.32448
0.32221
0.32005
0.318
0.31606
0.31424
0.31251
0.31089
0.30937
0.30794
0.30661
0.30536
0.3042
0.30312
0.30211
0.30119
0.30034
0.29956
0.29884
0.2982
0.29762
0.2971
0.29664
0.29623
0.29588
0.29558
0.29532
0.29509
0.2949
0.29474
0.29459
0.29446
0.29433
0.29419
0.29404
0.29387
0.29366
0.29341
0.29311
0.29275
0.29232
0.29181
0.29123
0.29055
0.28978
0.28891
0.28794
0.28686
0.28568
0.28439
0.28299
0.28148
0.27987
0.27816
0.27635
0.27444
0.27244
0.27036
0.26819
0.26594
0.26362
0.26122
0.25877
0.25625
0.25367
0.25104
0.24836
0.24564
0.24287
0.24006
0.23721
0.23432
0.2314
0.22844
0.22545
0.22244
0.21939
0.21631
0.21321
0.21008
0.20692
0.20374
0.20053
0.1973
0.19405
0.19077
0.18747
0.18415
0.18081
0.17745
0.17407
0.17067
0.16725
0.16382
0.16037
0.15691
0.15344
0.14997
0.14649
0.143
0.13952
0.13604
0.13258
0.12912
0.12568
0.12227
0.11888
0.11553
0.11222
0.10895
0.10573
0.10256
0.099461
0.096429
0.093471
0.090595
0.087806
0.085111
0.082515
0.080025
0.077645
0.075382
0.073238
0.07122
0.06933
0.067572
0.065949
0.06446
0.063109
0.061893
0.060813
0.059866
0.059048
0.058356
0.057784
0.057326
0.056973
0.056718
0.05655
0.05646
0.056436
0.056467
0.05654
0.056643
0.056762
0.056885
0.056999
0.057092
0.057152
0.057167
0.057127
0.057022
0.056844
0.056586
0.056241
0.055804
0.055273
0.054645
0.05392
0.053098
0.052181
0.051173
0.050077
0.0489
0.047646
0.046324
0.044941
0.043504
0.042021
0.040501
0.038952
0.037382
0.035798
0.034208
0.032618
0.031035
0.029463
0.027909
0.026374
0.024865
0.023382
0.021929
0.020507
0.019118
0.017764
0.016446
0.015166
0.013926
0.012726
0.011572
0.010465
0.0094096
0.0084113
0.0074759
0.0066101
0.0058221
0.0051208
0.0045161
0.0040188
0.0036406
0.0033939
0.0032916
0.0033471
0.0035739
0.0039857
0.0045959
0.0054178
0.0064638
0.0077459
0.009275
0.011061
0.013113
0.015437
0.018041
0.020928
0.024102
0.027564
0.031315
0.035354
0.039678
0.044284
0.049168
0.054325
0.05975
0.065438
0.071382
0.077577
0.084018
0.090699
0.097618
0.10477
0.11215
0.11976
0.1276
0.13567
0.14397
0.15249
0.16124
0.17023
0.17945
0.18891
0.1986
0.20853
0.21869
0.22908
0.2397
0.25055
0.26161
0.27287
0.28434
0.29598
0.30779
0.31975
0.33184
0.34404
0.35633
0.36868
0.38108
0.3935
0.40591
0.41829
0.43061
0.44286
0.455
0.46702
0.4789
0.49062
0.50216
0.5135
0.52463
0.53554
0.54621
0.55665
0.56683
0.57675
0.5864
0.59579
0.60491
0.61376
0.62234
0.63064
0.63868
0.64644
0.65395
0.66119
0.66817
0.67491
0.6814
0.68765
0.69367
0.69947
0.70506
0.71045
0.71563
0.72064
0.72546
0.73012
0.73462
0.73898
0.74319
0.74728
0.75124
0.75508
0.75882
0.76246
0.766
0.76945
0.77282
0.7761
0.7793
0.78244
0.7855
0.78849
0.79142
0.79429
0.79711
0.79987
0.80259
0.80526
0.80791
0.81052
0.81311
0.81569
0.81826
0.82083
0.82342
0.82603
0.82868
0.83136
0.8341
0.8369
0.83976
0.8427
0.84573
0.84884
0.85205
0.85536
0.85877
0.86229
0.86591
0.86963
0.87345
0.87738
0.88139
0.8855
0.88969
0.89397
0.89831
0.90272
0.90719
0.91171
0.91627
0.92087
0.9255
0.93015
0.93482
0.93951
0.9442
0.94888
0.95357
0.95824
0.96291
0.96755
0.97217
0.97676
0.98132
0.98585
0.99033
0.99477
0.99915
1.0035
1.0077
1.0119
1.016
1.02
1.024
1.0278
1.0315
1.0351
1.0386
1.0419
1.0451
1.0482
1.0511
1.0538
1.0564
1.0588
1.0611
1.0632
1.0651
1.0669
1.0684
1.0699
1.0711
1.0722
1.0732
1.074
1.0746
1.0752
1.0756
1.0759
1.0761
1.0762
1.0762
1.0762
1.0761
1.076
1.0758
1.0756
1.0753
1.0751
1.0749
1.0746
1.0744
1.0743
1.0741
1.074
1.074
1.074
1.074
1.0741
1.0743
1.0745
1.0747
1.075
1.0754
1.0758
1.0762
1.0767
1.0772
1.0777
1.0783
1.0788
1.0794
1.0799
1.0804
1.0809
1.0814
1.0818
1.0822
1.0825
1.0828
1.083
1.0831
1.0831
1.0831
1.083
1.0828
1.0825
1.0821
1.0816
1.0811
1.0804
1.0796
1.0788
1.0778
1.0768
1.0757
1.0745
1.0732
1.0718
1.0703
1.0688
1.0671
1.0654
1.0637
1.0618
1.0599
1.0579
1.0558
1.0537
1.0515
1.0492
1.0469
1.0445
1.042
1.0395
1.0369
1.0343
1.0315
1.0288
1.0259
1.023
1.02
1.017
1.014
1.0108
1.0077
1.0045
1.0012
0.99791
0.99458
0.99122
0.98784
0.98444
0.98102
0.97758
0.97414
0.97069
0.96724
0.96379
0.96035
0.95691
0.95349
0.95008
0.94669
0.94332
0.93997
0.93665
0.93335
0.93009
0.92686
0.92366
0.9205
0.91739
0.91431
0.91129
0.90832
0.9054
0.90254
0.89974
0.89701
0.89434
0.89174
0.88922
0.88677
0.8844
0.88211
0.87989
0.87776
0.87572
0.87375
0.87186
0.87004
0.86831
0.86664
0.86505
0.86352
0.86205
0.86064
0.85928
0.85797
0.85671
0.85548
0.85428
0.85311
0.85197
0.85085
0.84974
0.84865
0.84757
0.84649
0.84542
0.84435
0.84329
0.84222
0.84116
0.84009
0.83903
0.83796
0.8369
0.83583
0.83477
0.83372
0.83266
0.83161
0.83057
0.82953
0.82849
0.82747
0.82645
0.82543
0.82443
0.82343
0.82244
0.82145
0.82046
0.81948
0.8185
0.81751
0.81652
0.81552
0.81451
0.81348
0.81243
0.81136
0.81024
0.80909
0.8079
0.80665
0.80533
0.80395
0.80249
0.80094
0.7993
0.79755
0.79569
0.79371
0.7916
0.78936
0.78696
0.78442
0.78173
0.77887
0.77586
0.77268
0.76933
0.76582
0.76214
0.7583
0.75431
0.75016
0.74587
0.74145
0.73689
0.73222
0.72744
0.72256
0.7176
0.71257
0.70748
0.70236
0.6972
0.69203
0.68686
0.68171
0.67659
0.67151
0.6665
0.66155
0.65669
0.65192
0.64727
0.64273
0.63832
0.63405
0.62991
0.62594
0.62211
0.61845
0.61495
0.61161
0.60844
0.60544
0.60261
0.59993
0.59742
0.59507
0.59287
0.59082
0.58891
0.58714
0.5855
0.58399
0.58259
0.5813
0.58012
0.57903
0.57802
0.5771
0.57625
0.57546
0.57473
0.57405
0.57341
0.57281
0.57224
0.57169
0.57116
0.57065
0.57014
0.56963
0.56912
0.5686
0.56807
0.56754
0.56699
0.56642
0.56583
0.56523
0.5646
0.56396
0.56331
0.56263
0.56194
0.56124
0.56052
0.5598
0.55907
0.55834
0.55761
0.55688
0.55615
0.55543
0.55473
0.55403
0.55335
0.55269
0.55204
0.55142
0.55081
0.55022
0.54966
0.54911
0.54859
0.54808
0.54759
0.54712
0.54665
0.5462
0.54575
0.54531
0.54487
0.54442
0.54396
0.5435
0.54302
0.54252
0.54199
0.54145
0.54087
0.54025
0.5396
0.53892
0.53819
0.53742
0.5366
0.53574
0.53484
0.53389
0.5329
0.53186
0.53079
0.52967
0.52852
0.52734
0.52613
0.52489
0.52363
0.52235
0.52106
0.51976
0.51845
0.51714
0.51583
0.51452
0.51322
0.51193
0.51065
0.50938
0.50812
0.50687
0.50563
0.50441
0.50319
0.50199
0.50079
0.49959
0.49839
0.49719
0.49598
0.49476
0.49353
0.49229
0.49102
0.48973
0.48841
0.48707
0.48568
0.48427
0.48281
0.48131
0.47977
0.47818
0.47654
0.47486
0.47313
0.47135
0.46952
0.46764
0.46571
0.46374
0.46172
0.45965
0.45755
0.4554
0.45322
0.451
0.44876
0.44649
0.4442
0.44189
0.43957
0.43724
0.43491
0.43258
0.43026
0.42795
0.42566
0.42338
0.42113
0.41892
0.41673
0.41457
0.41246
0.41038
0.40834
0.40635
0.4044
0.40248
0.40061
0.39878
0.39699
0.39523
0.39351
0.39182
0.39016
0.38852
0.38692
0.38533
0.38377
0.38222
0.3807
0.37919
0.37769
0.37622
0.37476
0.37331
0.37189
0.37049
0.36911
0.36775
0.36642
0.36512
0.36385
0.36262
0.36142
0.36027
0.35915
0.35808
0.35705
0.35606
0.35511
0.35421
0.35334
0.35251
0.35172
0.35095
0.35022
0.3495
0.3488
0.34812
0.34744
0.34676
0.34608
0.3454
0.3447
0.344
0.34327
0.34253
0.34176
0.34097
0.34016
0.33932
0.33847
0.33759
0.33669
0.33578
0.33485
0.33391
0.33295
0.33199
0.33102
0.33005
0.32907
0.32809
0.3271
0.32611
0.32511
0.32411
0.3231
0.32207
0.32103
0.31997
0.31888
0.31777
0.31662
0.31543
0.3142
0.31292
0.31159
0.3102
0.30875
0.30724
0.30567
0.30403
0.30233
0.30055
0.29872
0.29681
0.29485
0.29282
0.29073
0.28858
0.28638
0.28413
0.28182
0.27947
0.27706
0.27461
0.27212
0.26958
0.26699
0.26435
0.26166
0.25893
0.25614
0.25329
0.25039
0.24742
0.2444
0.24131
0.23815
0.23492
0.23163
0.22827
0.22484
0.22135
0.2178
0.21419
0.21053
0.20682
0.20308
0.19929
0.19548
0.19165
0.18781
0.18397
0.18014
0.17631
0.17251
0.16874
0.165
0.16131
0.15766
0.15407
0.15053
0.14706
0.14365
0.1403
0.13703
0.13383
0.1307
0.12765
0.12467
0.12177
0.11895
0.11621
0.11356
0.11099
0.1085
0.10611
0.10381
0.10161
0.099505
0.097507
0.095618
0.09384
0.092178
0.090634
0.089211
0.087912
0.086737
0.085688
0.084765
0.083968
0.083294
0.082741
0.082307
0.081987
0.081778
0.081674
0.081669
0.081759
0.081937
0.082196
0.082532
0.082938
0.08341
0.083941
0.084528
0.085167
0.085855
0.086589
0.087369
0.088192
0.089058
0.089969
0.090925
0.091927
0.092977
0.094077
0.09523
0.096437
0.097701
0.099024
0.10041
0.10185
0.10336
0.10493
0.10656
0.10826
0.11001
0.11182
0.11369
0.1156
0.11756
0.11956
0.1216
0.12367
0.12576
0.12787
0.12998
0.1321
0.13422
0.13633
0.13842
0.14048
0.14252
0.14452
0.14648
0.14839
0.15025
0.15205
0.15379
0.15547
0.15708
0.15862
0.16009
0.16147
0.16278
0.16401
0.16515
0.1662
0.16717
0.16804
0.16881
0.16949
0.17006
0.17053
0.17088
0.17112
0.17124
0.17124
0.17111
0.17084
0.17043
0.16987
0.16916
0.16829
0.16725
0.16605
0.16466
0.16309
0.16134
0.15939
0.15726
0.15492
0.15239
0.14966
0.14673
0.14361
0.1403
0.1368
0.13313
0.12928
0.12528
0.12113
0.11684
0.11243
0.10792
0.10332
0.098648
0.093923
0.089165
0.084394
0.079629
0.074892
0.070201
0.065577
0.061039
0.056606
0.052297
0.048128
0.044115
0.040274
0.036617
0.033158
0.029907
0.026874
0.024066
0.021491
0.019152
0.017054
0.015198
0.013586
0.012216
0.011088
0.010197
0.0095399
0.0091115
0.0089057
0.0089157
0.0091341
0.0095526
0.010163
0.010955
0.011921
0.013051
0.014334
0.015761
0.017323
0.019009
0.02081
0.022716
0.024719
0.026809
0.028977
0.031216
0.033516
0.035871
0.038272
0.040713
0.043185
0.045684
0.048201
0.050732
0.053271
0.055811
0.05835
0.060881
0.063401
0.065907
0.068396
0.070867
0.073317
0.075748
0.07816
0.080555
0.082937
0.08531
0.08768
0.090055
0.092445
0.094859
0.097309
0.099811
0.10238
0.10503
0.10778
0.11065
0.11366
0.11683
0.12018
0.12374
0.12753
0.13157
0.13587
0.14047
0.14539
0.15063
0.15621
0.16216
0.16847
0.17516
0.18224
0.18971
0.19756
0.20579
0.21439
0.22336
0.23266
0.24229
0.25222
0.26242
0.27286
0.28352
0.29435
0.30533
0.31641
0.32756
0.33874
0.34991
0.36103
0.37208
0.38301
0.3938
0.40442
0.41484
0.42504
0.43501
0.44472
0.45417
0.46335
0.47225
0.48087
0.48923
0.49731
0.50514
0.51271
0.52005
0.52716
0.53406
0.54076
0.54729
0.55364
0.55985
0.56592
0.57187
0.57771
0.58346
0.58911
0.59469
0.6002
0.60564
0.61103
0.61637
0.62166
0.62691
0.63212
0.63729
0.64242
0.64752
0.65258
0.65761
0.66261
0.66758
0.67251
0.67741
0.68228
0.68712
0.69192
0.69669
0.70142
0.70612
0.71078
0.71539
0.71996
0.72449
0.72896
0.73337
0.73773
0.74201
0.74624
0.75038
0.75446
0.75845
0.76235
0.76617
0.7699
0.77354
0.77708
0.78053
0.78389
0.78716
0.79035
0.79344
0.79646
0.79939
0.80226
0.80505
0.80779
0.81047
0.8131
0.81569
0.81825
0.82077
0.82327
0.82575
0.82822
0.83069
0.83315
0.83561
0.83808
0.84056
0.84305
0.84556
0.84809
0.85063
0.85321
0.8558
0.85842
0.86108
0.86376
0.86647
0.86921
0.87199
0.8748
0.87764
0.88052
0.88343
0.88637
0.88935
0.89235
0.89539
0.89845
0.90154
0.90465
0.90777
0.91091
0.91406
0.91722
0.92038
0.92353
0.92668
0.92981
0.93292
0.93602
0.93908
0.94212
0.94512
0.94809
0.95101
0.9539
0.95674
0.95953
0.96227
0.96496
0.9676
0.97019
0.97273
0.9752
0.97763
0.97999
0.98229
0.98453
0.98671
0.98882
0.99086
0.99283
0.99472
0.99653
0.99826
0.99989
1.0014
1.0029
1.0042
1.0054
1.0066
1.0076
1.0084
1.0092
1.0098
1.0103
1.0107
1.0109
1.011
1.0109
1.0107
1.0104
1.0099
1.0093
1.0085
1.0077
1.0067
1.0056
1.0043
1.003
1.0016
1.0001
0.99844
0.99674
0.99497
0.99314
0.99124
0.98929
0.9873
0.98527
0.9832
0.98112
0.97901
0.97689
0.97477
0.97265
0.97052
0.96841
0.96631
0.96422
0.96215
0.96009
0.95806
0.95605
0.95406
0.95209
0.95015
0.94822
0.94631
0.94441
0.94253
0.94065
0.93878
0.9369
0.93502
0.93313
0.93123
0.9293
0.92735
0.92537
0.92336
0.92131
0.91922
0.91709
0.91491
0.91268
0.91041
0.90809
0.90572
0.90331
0.90085
0.89836
0.89583
0.89327
0.89069
0.88809
0.88548
0.88286
0.88025
0.87764
0.87505
0.87249
0.86996
0.86746
0.86502
0.86262
0.86029
0.85802
0.85582
0.85369
0.85165
0.84969
0.84783
0.84605
0.84437
0.84279
0.84131
0.83993
0.83866
0.8375
0.83644
0.8355
0.83466
0.83393
0.83331
0.83281
0.83241
0.83213
0.83195
0.83188
0.83192
0.83207
0.83231
0.83266
0.8331
0.83364
0.83426
0.83497
0.83577
0.83663
0.83757
0.83857
0.83962
0.84073
0.84187
0.84305
0.84426
0.84549
0.84673
0.84798
0.84922
0.85045
0.85166
0.85284
0.85399
0.8551
0.85616
0.85716
0.85811
0.85899
0.8598
0.86054
0.8612
0.86178
0.86227
0.86268
0.863
0.86323
0.86338
0.86343
0.8634
0.86328
0.86307
0.86278
0.8624
0.86195
0.86142
0.86082
0.86015
0.85942
0.85863
0.85778
0.85688
0.85594
0.85495
0.85393
0.85287
0.85179
0.85068
0.84955
0.8484
0.84723
0.84606
0.84487
0.84367
0.84247
0.84125
0.84003
0.83879
0.83754
0.83627
0.83499
0.83368
0.83235
0.83099
0.82959
0.82815
0.82667
0.82515
0.82357
0.82193
0.82023
0.81847
0.81664
0.81474
0.81277
0.81072
0.8086
0.80641
0.80415
0.80181
0.7994
0.79693
0.7944
0.7918
0.78916
0.78646
0.78371
0.78093
0.77811
0.77526
0.77238
0.76948
0.76657
0.76363
0.76069
0.75774
0.75478
0.75181
0.74884
0.74587
0.74289
0.73991
0.73693
0.73394
0.73095
0.72796
0.72496
0.72196
0.71896
0.71596
0.71296
0.70997
0.70698
0.70401
0.70105
0.69812
0.69521
0.69234
0.6895
0.68672
0.68399
0.68133
0.67873
0.67622
0.67378
0.67144
0.66918
0.66703
0.66498
0.66303
0.66119
0.65946
0.65783
0.65631
0.65489
0.65357
0.65234
0.6512
0.65015
0.64917
0.64826
0.64741
0.64662
0.64588
0.64517
0.64451
0.64387
0.64325
0.64265
0.64206
0.64148
0.6409
0.64033
0.63975
0.63918
0.6386
0.63802
0.63744
0.63685
0.63627
0.63568
0.6351
0.63452
0.63394
0.63337
0.63281
0.63225
0.6317
0.63116
0.63063
0.63011
0.62959
0.62909
0.62858
0.62809
0.6276
0.62711
0.62662
0.62613
0.62563
0.62513
0.62461
0.62409
0.62355
0.62299
0.62241
0.62181
0.62118
0.62052
0.61983
0.61911
0.61836
0.61757
0.61674
0.61587
0.61496
0.61401
0.61302
0.61199
0.61093
0.60983
0.60869
0.60753
0.60633
0.60511
0.60388
0.60262
0.60136
0.60009
0.59882
0.59755
0.5963
0.59505
0.59383
0.59263
0.59146
0.59032
0.58921
0.58814
0.58711
0.58613
0.58518
0.58428
0.58342
0.5826
0.58182
0.58109
0.58039
0.57972
0.57909
0.57849
0.57791
0.57736
0.57682
0.57629
0.57578
0.57527
0.57476
0.57425
0.57373
0.5732
0.57265
0.57208
0.57148
0.57084
0.57017
0.56946
0.5687
0.56789
0.56702
0.56609
0.56509
0.56401
0.56287
0.56164
0.56033
0.55893
0.55744
0.55585
0.55418
0.5524
0.55053
0.54857
0.54651
0.54436
0.54212
0.5398
0.5374
0.53492
0.53238
0.52978
0.52713
0.52444
0.52172
0.51899
0.51624
0.5135
0.51077
0.50807
0.5054
0.50278
0.50023
0.49774
0.49533
0.493
0.49077
0.48864
0.48662
0.48471
0.48291
0.48122
0.47965
0.4782
0.47686
0.47563
0.47451
0.4735
0.47258
0.47176
0.47103
0.47038
0.4698
0.4693
0.46886
0.46848
0.46815
0.46787
0.46763
0.46743
0.46727
0.46713
0.46702
0.46694
0.46688
0.46685
0.46683
0.46683
0.46685
0.46689
0.46694
0.46701
0.46709
0.46719
0.4673
0.46741
0.46753
0.46765
0.46778
0.46789
0.468
0.46809
0.46815
0.46819
0.46818
0.46813
0.46803
0.46785
0.4676
0.46727
0.46684
0.46629
0.46563
0.46484
0.4639
0.46281
0.46156
0.46013
0.45853
0.45673
0.45474
0.45255
0.45014
0.44754
0.44472
0.44169
0.43845
0.43501
0.43138
0.42755
0.42355
0.41937
0.41504
0.41058
0.40598
0.40128
0.39649
0.39163
0.38671
0.38177
0.37681
0.37186
0.36694
0.36207
0.35726
0.35253
0.3479
0.34338
0.33899
0.33474
0.33063
0.32669
0.32291
0.3193
0.31587
0.31261
0.30954
0.30665
0.30395
0.30142
0.29908
0.29691
0.29492
0.2931
0.29144
0.28995
0.28862
0.28744
0.28641
0.28553
0.28478
0.28417
0.28369
0.28332
0.28308
0.28294
0.2829
0.28296
0.2831
0.28333
0.28362
0.28397
0.28436
0.2848
0.28527
0.28576
0.28625
0.28675
0.28722
0.28768
0.28809
0.28847
0.28879
0.28905
0.28923
0.28934
0.28937
0.2893
0.28914
0.28889
0.28853
0.28807
0.28752
0.28686
0.28609
0.28524
0.28428
0.28323
0.28209
0.28086
0.27955
0.27816
0.27669
0.27514
0.27352
0.27184
0.27008
0.26825
0.26636
0.26439
0.26236
0.26026
0.25808
0.25582
0.25348
0.25106
0.24855
0.24594
0.24324
0.24044
0.23753
0.23451
0.23137
0.22811
0.22474
0.22123
0.2176
0.21385
0.20996
0.20594
0.20179
0.19752
0.19312
0.1886
0.18396
0.17921
0.17435
0.16939
0.16433
0.1592
0.15398
0.1487
0.14337
0.13799
0.13257
0.12713
0.12168
0.11622
0.11078
0.10535
0.099959
0.094606
0.089303
0.084057
0.078877
0.073768
0.068737
0.063787
0.058922
0.054144
0.049453
0.04485
0.040334
0.035903
0.031555
0.027286
0.023093
0.018972
0.01492
0.010931
0.0070042
0.0031345
-0.00068033
-0.0044426
-0.0081536
-0.011814
-0.015425
-0.018983
-0.022489
-0.02594
-0.029332
-0.032662
-0.035925
-0.039116
-0.042232
-0.045265
-0.04821
-0.051062
-0.053815
-0.056464
-0.059003
-0.061426
-0.063729
-0.065906
-0.067952
-0.069863
-0.071633
-0.073258
-0.074732
-0.07605
-0.077206
-0.078195
-0.079011
-0.079647
-0.080097
-0.080353
-0.080409
-0.080257
-0.07989
-0.079301
-0.078483
-0.077429
-0.076133
-0.074592
-0.072799
-0.070753
-0.068452
-0.065896
-0.063086
-0.060025
-0.056719
-0.053174
-0.049398
-0.045404
-0.041202
-0.036808
-0.032237
-0.027506
-0.022635
-0.017642
-0.01255
-0.0073782
-0.0021503
0.0031117
0.0083854
0.013648
0.018879
0.024055
0.029156
0.034163
0.039056
0.043819
0.048434
0.052887
0.057163
0.061252
0.065141
0.068822
0.072287
0.075529
0.078543
0.081323
0.083869
0.086177
0.088246
0.090077
0.091671
0.093027
0.09415
0.095041
0.095705
0.096143
0.096362
0.096365
0.096159
0.095748
0.095138
0.094337
0.093351
0.092189
0.090858
0.089369
0.087729
0.085951
0.084046
0.082025
0.079903
0.077693
0.07541
0.073072
0.070694
0.068295
0.065894
0.063511
0.061166
0.058883
0.056683
0.054589
0.052625
0.050815
0.049184
0.047757
0.046558
0.045614
0.044948
0.044585
0.044549
0.044865
0.045555
0.04664
0.048143
0.050082
0.052476
0.055343
0.058696
0.06255
0.066916
0.071803
0.077218
0.083165
0.089647
0.096662
0.10421
0.11228
0.12086
0.12996
0.13954
0.14959
0.16011
0.17105
0.18241
0.19415
0.20624
0.21867
0.23139
0.24438
0.2576
0.27102
0.28461
0.29834
0.31217
0.32606
0.33999
0.35393
0.36784
0.3817
0.39548
0.40916
0.4227
0.4361
0.44931
0.46234
0.47515
0.48774
0.50009
0.51218
0.52401
0.53557
0.54685
0.55784
0.56853
0.57893
0.58904
0.59884
0.60834
0.61754
0.62644
0.63505
0.64336
0.65139
0.65914
0.66662
0.67382
0.68077
0.68746
0.69391
0.70011
0.70609
0.71185
0.7174
0.72274
0.72788
0.73283
0.73761
0.7422
0.74663
0.7509
0.75502
0.75898
0.7628
0.76647
0.77002
0.77343
0.77671
0.77987
0.78291
0.78584
0.78866
0.79137
0.79397
0.79648
0.79889
0.8012
0.80343
0.80558
0.80765
0.80964
0.81156
0.81341
0.8152
0.81693
0.81861
0.82024
0.82183
0.82337
0.82487
0.82634
0.82778
0.8292
0.83059
0.83197
0.83333
0.83468
0.83602
0.83735
0.83869
0.84002
0.84137
0.84272
0.84408
0.84545
0.84684
0.84825
0.84968
0.85114
0.85261
0.85411
0.85564
0.8572
0.85879
0.86041
0.86206
0.86375
0.86547
0.86722
0.86901
0.87084
0.87271
0.87462
0.87656
0.87855
0.88057
0.88264
0.88475
0.8869
0.88908
0.89131
0.89358
0.89588
0.89821
0.90057
0.90296
0.90537
0.9078
0.91024
0.91269
0.91514
0.91758
0.92001
0.92242
0.92481
0.92716
0.92948
0.93175
0.93398
0.93615
0.93826
0.94031
0.94229
0.94421
0.94606
0.94783
0.94954
0.95117
0.95274
0.95423
0.95565
0.95701
0.95829
0.95951
0.96066
0.96174
0.96275
0.96369
0.96456
0.96536
0.96608
0.96673
0.96729
0.96777
0.96817
0.96848
0.96869
0.96882
0.96884
0.96878
0.96861
0.96834
0.96798
0.96753
0.96698
0.96633
0.9656
0.96479
0.9639
0.96293
0.96189
0.96079
0.95963
0.9584
0.95713
0.95581
0.95444
0.95303
0.95158
0.95009
0.94856
0.947
0.9454
0.94376
0.94209
0.94039
0.93864
0.93687
0.93505
0.9332
0.93132
0.9294
0.92745
0.92548
0.92348
0.92146
0.91942
0.91737
0.91532
0.91326
0.91121
0.90917
0.90715
0.90515
0.90319
0.90126
0.89937
0.89754
0.89575
0.89402
0.89235
0.89075
0.88921
0.88774
0.88634
0.88501
0.88375
0.88256
0.88144
0.88039
0.87941
0.87849
0.87763
0.87682
0.87607
0.87537
0.87471
0.8741
0.87352
0.87297
0.87245
0.87195
0.87147
0.871
0.87054
0.87008
0.86961
0.86914
0.86866
0.86816
0.86765
0.86711
0.86655
0.86595
0.86533
0.86467
0.86397
0.86323
0.86246
0.86163
0.86076
0.85984
0.85887
0.85785
0.85678
0.85565
0.85446
0.85322
0.85191
0.85054
0.84911
0.84762
0.84606
0.84444
0.84276
0.84101
0.8392
0.83732
0.83539
0.8334
0.83136
0.82926
0.82711
0.82493
0.8227
0.82043
0.81814
0.81582
0.81348
0.81113
0.80876
0.80639
0.80402
0.80166
0.7993
0.79695
0.79462
0.79231
0.79002
0.78776
0.78552
0.7833
0.78112
0.77897
0.77685
0.77476
0.7727
0.77068
0.76869
0.76673
0.76481
0.76293
0.76108
0.75927
0.75749
0.75575
0.75404
0.75237
0.75074
0.74915
0.74759
0.74606
0.74456
0.7431
0.74167
0.74027
0.73889
0.73754
0.7362
0.73489
0.73359
0.7323
0.73102
0.72975
0.72849
0.72723
0.72596
0.7247
0.72343
0.72216
0.72088
0.7196
0.71831
0.71702
0.71572
0.71441
0.7131
0.71179
0.71047
0.70915
0.70782
0.70649
0.70515
0.70381
0.70246
0.70111
0.69975
0.69838
0.697
0.6956
0.69419
0.69276
0.69131
0.68983
0.68833
0.6868
0.68525
0.68366
0.68204
0.68039
0.67871
0.677
0.67525
0.67348
0.67168
0.66986
0.66802
0.66616
0.66429
0.66241
0.66052
0.65864
0.65676
0.65489
0.65304
0.6512
0.64939
0.6476
0.64585
0.64413
0.64245
0.64081
0.63921
0.63765
0.63614
0.63468
0.63326
0.63189
0.63056
0.62928
0.62805
0.62686
0.62571
0.62461
0.62354
0.62252
0.62153
0.62058
0.61967
0.61879
0.61795
0.61714
0.61637
0.61562
0.61492
0.61424
0.6136
0.61298
0.6124
0.61185
0.61134
0.61085
0.6104
0.60998
0.60958
0.60922
0.60888
0.60858
0.6083
0.60805
0.60782
0.60762
0.60744
0.60729
0.60715
0.60704
0.60695
0.60688
0.60683
0.60679
0.60678
0.60679
0.60682
0.60686
0.60693
0.60702
0.60714
0.60728
0.60744
0.60763
0.60784
0.60808
0.60835
0.60865
0.60898
0.60934
0.60972
0.61013
0.61056
0.61102
0.61151
0.61201
0.61252
0.61305
0.61359
0.61413
0.61468
0.61522
0.61574
0.61626
0.61676
0.61723
0.61767
0.61807
0.61844
0.61876
0.61904
0.61926
0.61943
0.61955
0.6196
0.61959
0.61952
0.61939
0.6192
0.61895
0.61864
0.61827
0.61785
0.61737
0.61685
0.61629
0.61569
0.61505
0.61438
0.61369
0.61297
0.61224
0.61149
0.61073
0.60997
0.60921
0.60845
0.60769
0.60694
0.6062
0.60546
0.60474
0.60403
0.60334
0.60265
0.60198
0.60132
0.60068
0.60004
0.59942
0.59881
0.5982
0.5976
0.597
0.59641
0.59582
0.59523
0.59464
0.59404
0.59344
0.59282
0.59219
0.59154
0.59087
0.59017
0.58944
0.58867
0.58786
0.58699
0.58607
0.58508
0.58402
0.58287
0.58164
0.5803
0.57885
0.57729
0.57559
0.57376
0.57178
0.56965
0.56736
0.56491
0.56227
0.55946
0.55647
0.55329
0.54993
0.54639
0.54266
0.53875
0.53466
0.53041
0.526
0.52144
0.51674
0.5119
0.50696
0.50191
0.49678
0.49158
0.48632
0.48102
0.4757
0.47037
0.46504
0.45974
0.45447
0.44925
0.44409
0.439
0.434
0.42908
0.42426
0.41954
0.41494
0.41044
0.40607
0.40181
0.39767
0.39365
0.38976
0.38599
0.38234
0.37881
0.3754
0.37211
0.36894
0.36589
0.36296
0.36014
0.35744
0.35485
0.35237
0.35001
0.34775
0.3456
0.34356
0.34162
0.33978
0.33803
0.33638
0.33481
0.33333
0.33192
0.33058
0.32931
0.32809
0.32692
0.3258
0.32471
0.32365
0.32262
0.32159
0.32058
0.31958
0.31857
0.31757
0.31655
0.31552
0.31449
0.31344
0.31238
0.31131
0.31024
0.30916
0.30808
0.30701
0.30595
0.3049
0.30388
0.30289
0.30194
0.30104
0.30019
0.29941
0.29869
0.29805
0.2975
0.29703
0.29666
0.29639
0.29622
0.29615
0.2962
0.29635
0.2966
0.29696
0.29741
0.29797
0.29861
0.29933
0.30013
0.301
0.30192
0.30289
0.3039
0.30493
0.30598
0.30703
0.30808
0.30912
0.31012
0.3111
0.31203
0.31291
0.31373
0.3145
0.31519
0.31582
0.31637
0.31685
0.31726
0.31758
0.31783
0.31801
0.31811
0.31814
0.31809
0.31798
0.3178
0.31755
0.31723
0.31686
0.31642
0.31591
0.31535
0.31472
0.31402
0.31326
0.31244
0.31155
0.31059
0.30957
0.30847
0.3073
0.30607
0.30476
0.30338
0.30193
0.30042
0.29884
0.2972
0.29551
0.29377
0.29199
0.29017
0.28833
0.28647
0.2846
0.28273
0.28088
0.27904
0.27725
0.2755
0.27381
0.27218
0.27063
0.26917
0.2678
0.26654
0.26538
0.26435
0.26343
0.26263
0.26196
0.26142
0.26101
0.26072
0.26056
0.26052
0.2606
0.26079
0.26109
0.2615
0.26201
0.26261
0.2633
0.26408
0.26494
0.26588
0.26688
0.26795
0.26909
0.27028
0.27153
0.27284
0.27419
0.27558
0.27702
0.27849
0.28
0.28154
0.2831
0.28468
0.28627
0.28787
0.28946
0.29105
0.29263
0.29418
0.29569
0.29717
0.29859
0.29995
0.30125
0.30247
0.3036
0.30464
0.30558
0.30641
0.30712
0.30772
0.3082
0.30855
0.30877
0.30886
0.30883
0.30866
0.30837
0.30796
0.30742
0.30677
0.30601
0.30514
0.30417
0.3031
0.30194
0.30071
0.29939
0.29801
0.29656
0.29505
0.29349
0.29188
0.29022
0.28853
0.28681
0.28505
0.28326
0.28145
0.27962
0.27777
0.27589
0.274
0.27209
0.27016
0.26822
0.26626
0.26427
0.26227
0.26025
0.25821
0.25614
0.25405
0.25193
0.24978
0.2476
0.24538
0.24313
0.24084
0.23851
0.23614
0.23373
0.23127
0.22877
0.22623
0.22364
0.22101
0.21834
0.21563
0.21288
0.2101
0.20729
0.20445
0.20159
0.19871
0.19582
0.19292
0.19001
0.18711
0.18422
0.18134
0.17847
0.17563
0.17282
0.17004
0.16729
0.16459
0.16193
0.15932
0.15676
0.15426
0.15182
0.14945
0.14714
0.14491
0.14275
0.14068
0.13868
0.13677
0.13496
0.13323
0.13161
0.13008
0.12866
0.12734
0.12612
0.12502
0.12401
0.12312
0.12232
0.12163
0.12104
0.12053
0.12011
0.11978
0.11951
0.1193
0.11915
0.11905
0.11897
0.11892
0.11888
0.11884
0.11879
0.11872
0.11862
0.11849
0.1183
0.11807
0.11777
0.11742
0.117
0.11651
0.11595
0.11533
0.11465
0.11392
0.11314
0.11231
0.11146
0.11058
0.1097
0.10882
0.10796
0.10714
0.10636
0.10566
0.10504
0.10452
0.10412
0.10385
0.10374
0.10381
0.10406
0.10451
0.10518
0.10608
0.10724
0.10865
0.11033
0.11229
0.11454
0.11709
0.11994
0.12309
0.12656
0.13033
0.13442
0.13881
0.14351
0.14851
0.1538
0.15938
0.16525
0.17138
0.17778
0.18442
0.19131
0.19842
0.20575
0.21328
0.221
0.2289
0.23696
0.24517
0.25352
0.26199
0.27056
0.27923
0.28797
0.29678
0.30564
0.31454
0.32345
0.33238
0.34129
0.35018
0.35904
0.36785
0.37659
0.38526
0.39384
0.40232
0.41069
0.41894
0.42707
0.43505
0.44289
0.45059
0.45813
0.46552
0.47275
0.47982
0.48673
0.4935
0.50011
0.50657
0.5129
0.51909
0.52515
0.53109
0.53692
0.54264
0.54826
0.55379
0.55924
0.56461
0.56991
0.57515
0.58032
0.58545
0.59053
0.59556
0.60055
0.6055
0.61041
0.6153
0.62015
0.62497
0.62976
0.63453
0.63927
0.64399
0.64869
0.65338
0.65804
0.66269
0.66733
0.67196
0.67659
0.68121
0.68582
0.69043
0.69505
0.69966
0.70427
0.70889
0.7135
0.71811
0.72272
0.72733
0.73192
0.73651
0.74108
0.74562
0.75015
0.75464
0.75909
0.76351
0.76787
0.77219
0.77644
0.78063
0.78475
0.7888
0.79277
0.79666
0.80047
0.80418
0.80781
0.81135
0.81479
0.81814
0.8214
0.82456
0.82764
0.83063
0.83353
0.83636
0.83911
0.84178
0.84439
0.84695
0.84944
0.85189
0.8543
0.85668
0.85903
0.86136
0.86368
0.86599
0.86831
0.87063
0.87297
0.87534
0.87772
0.88014
0.8826
0.88509
0.88762
0.8902
0.89282
0.89549
0.8982
0.90096
0.90376
0.9066
0.90947
0.91238
0.91532
0.91828
0.92127
0.92427
0.92728
0.93029
0.9333
0.93631
0.9393
0.94227
0.94521
0.94812
0.951
0.95383
0.95661
0.95933
0.96199
0.96459
0.96712
0.96957
0.97193
0.97422
0.97641
0.97851
0.98051
0.98242
0.98422
0.98591
0.9875
0.98897
0.99034
0.99159
0.99273
0.99376
0.99467
0.99547
0.99616
0.99673
0.9972
0.99757
0.99783
0.99799
0.99806
0.99803
0.99792
0.99772
0.99744
0.99709
0.99667
0.99618
0.99564
0.99504
0.99439
0.99369
0.99295
0.99217
0.99136
0.99052
0.98965
0.98874
0.98782
0.98687
0.9859
0.9849
0.98389
0.98285
0.98179
0.9807
0.97959
0.97846
0.9773
0.97612
0.97491
0.97367
0.9724
0.9711
0.96976
0.9684
0.967
0.96557
0.9641
0.9626
0.96107
0.9595
0.9579
0.95626
0.95458
0.95288
0.95114
0.94936
0.94755
0.94571
0.94383
0.94192
0.93997
0.93799
0.93598
0.93394
0.93186
0.92975
0.92761
0.92543
0.92323
0.92099
0.91873
0.91644
0.91412
0.91177
0.9094
0.90701
0.9046
0.90217
0.89973
0.89727
0.89481
0.89233
0.88985
0.88737
0.88489
0.88241
0.87994
0.87748
0.87504
0.87261
0.8702
0.86782
0.86546
0.86313
0.86083
0.85856
0.85633
0.85414
0.85198
0.84987
0.84779
0.84576
0.84377
0.84183
0.83992
0.83806
0.83623
0.83445
0.83271
0.831
0.82933
0.82769
0.82608
0.8245
0.82294
0.82142
0.81991
0.81842
0.81696
0.8155
0.81407
0.81265
0.81124
0.80984
0.80845
0.80708
0.80571
0.80435
0.80301
0.80167
0.80035
0.79904
0.79774
0.79645
0.79518
0.79392
0.79266
0.79142
0.79019
0.78897
0.78776
0.78655
0.78534
0.78413
0.78292
0.78171
0.78048
0.77923
0.77797
0.77668
0.77537
0.77402
0.77265
0.77123
0.76977
0.76827
0.76672
0.76513
0.76349
0.76181
0.76007
0.7583
0.75648
0.75462
0.75273
0.7508
0.74885
0.74688
0.7449
0.74291
0.74092
0.73893
0.73695
0.735
0.73307
0.73117
0.7293
0.72749
0.72571
0.72399
0.72233
0.72072
0.71918
0.71769
0.71628
0.71492
0.71364
0.71241
0.71126
0.71017
0.70914
0.70818
0.70728
0.70644
0.70567
0.70495
0.7043
0.70371
0.70318
0.70271
0.70231
0.70197
0.70169
0.70148
0.70133
0.70125
0.70123
0.70128
0.70139
0.70156
0.7018
0.70208
0.70243
0.70282
0.70325
0.70373
0.70424
0.70477
0.70533
0.7059
0.70647
0.70704
0.70761
0.70815
0.70867
0.70916
0.70961
0.71001
0.71036
0.71066
0.7109
0.71108
0.71119
0.71124
0.71121
0.71112
0.71096
0.71073
0.71044
0.71008
0.70966
0.70918
0.70864
0.70805
0.70741
0.70672
0.70599
0.70521
0.7044
0.70354
0.70264
0.70171
0.70075
0.69974
0.69871
0.69763
0.69652
0.69537
0.69418
0.69294
0.69166
0.69034
0.68896
0.68754
0.68606
0.68452
0.68293
0.68128
0.67957
0.67779
0.67595
0.67404
0.67206
0.67002
0.66791
0.66574
0.66349
0.66118
0.65881
0.65637
0.65387
0.6513
0.64868
0.646
0.64327
0.64048
0.63764
0.63476
0.63183
0.62885
0.62584
0.62279
0.6197
0.61658
0.61343
0.61025
0.60704
0.60381
0.60056
0.59728
0.59399
0.59067
0.58734
0.58399
0.58063
0.57725
0.57386
0.57047
0.56706
0.56365
0.56024
0.55683
0.55342
0.55002
0.54663
0.54325
0.5399
0.53656
0.53326
0.52999
0.52676
0.52357
0.52043
0.51735
0.51432
0.51136
0.50847
0.50566
0.50292
0.50026
0.49768
0.4952
0.4928
0.49048
0.48826
0.48614
0.4841
0.48215
0.48029
0.47852
0.47683
0.47522
0.4737
0.47225
0.47087
0.46956
0.46832
0.46713
0.466
0.46492
0.46389
0.46289
0.46193
0.461
0.46008
0.45918
0.45828
0.45738
0.45648
0.45555
0.4546
0.45362
0.45259
0.45152
0.45039
0.4492
0.44794
0.4466
0.44518
0.44367
0.44208
0.44039
0.43861
0.43673
0.43476
0.4327
0.43055
0.42831
0.42599
0.4236
0.42113
0.41861
0.41603
0.41341
0.41074
0.40805
0.40534
0.40262
0.39989
0.39717
0.39446
0.39177
0.3891
0.38645
0.38385
0.38127
0.37874
0.37625
0.3738
0.3714
0.36904
0.36672
0.36445
0.36222
0.36003
0.35788
0.35577
0.3537
0.35165
0.34964
0.34766
0.34571
0.34379
0.34189
0.34002
0.33817
0.33635
0.33455
0.33277
0.33101
0.32928
0.32757
0.32588
0.32422
0.32258
0.32097
0.31938
0.31781
0.31627
0.31475
0.31326
0.3118
0.31036
0.30894
0.30755
0.30617
0.30482
0.30349
0.30218
0.30088
0.29959
0.29832
0.29706
0.2958
0.29455
0.2933
0.29205
0.29079
0.28954
0.28827
0.287
0.28573
0.28444
0.28313
0.28182
0.2805
0.27916
0.27781
0.27645
0.27508
0.2737
0.2723
0.2709
0.26949
0.26807
0.26664
0.26521
0.26377
0.26232
0.26087
0.25941
0.25794
0.25646
0.25497
0.25347
0.25196
0.25044
0.2489
0.24734
0.24577
0.24418
0.24257
0.24094
0.23928
0.2376
0.2359
0.23417
0.23242
0.23064
0.22883
0.22699
0.22513
0.22324
0.22133
0.21938
0.21741
0.21541
0.21339
0.21134
0.20926
0.20715
0.20502
0.20285
0.20066
0.19844
0.19619
0.19391
0.1916
0.18926
0.1869
0.1845
0.18207
0.17961
0.17712
0.1746
0.17205
0.16947
0.16687
0.16424
0.16159
0.15891
0.15622
0.15351
0.15079
0.14805
0.1453
0.14255
0.1398
0.13705
0.1343
0.13156
0.12884
0.12613
0.12343
0.12076
0.11812
0.1155
0.11291
0.11035
0.10783
0.10534
0.10288
0.10046
0.098076
0.095724
0.093404
0.091116
0.088858
0.086629
0.084426
0.082247
0.080091
0.077956
0.075838
0.073738
0.071652
0.06958
0.06752
0.065473
0.063436
0.061409
0.059394
0.057389
0.055396
0.053415
0.051446
0.049492
0.047554
0.045632
0.043727
0.041843
0.03998
0.03814
0.036324
0.034535
0.032774
0.031043
0.029346
0.027683
0.026057
0.024472
0.022929
0.021432
0.019985
0.01859
0.017251
0.015971
0.014755
0.013606
0.012526
0.01152
0.01059
0.0097391
0.0089681
0.0082788
0.0076715
0.0071458
0.0067001
0.0063318
0.0060373
0.0058116
0.0056484
0.0055403
0.0054783
0.0054525
0.0054515
0.005463
0.0054736
0.0054689
0.0054339
0.0053531
0.0052104
0.0049898
0.0046754
0.0042513
0.0037023
0.0030141
0.0021731
0.0011671
-1.4814e-05
-0.001382
-0.0029421
-0.0047009
-0.0066622
-0.0088279
-0.011198
-0.013769
-0.016539
-0.019499
-0.022643
-0.025959
-0.029438
-0.033064
-0.036825
-0.040705
-0.044687
-0.048754
-0.052889
-0.057074
-0.061291
-0.065523
-0.069752
-0.073961
-0.078135
-0.082257
-0.086314
-0.090291
-0.094177
-0.09796
-0.10163
-0.10518
-0.10859
-0.11187
-0.11501
-0.118
-0.12083
-0.12352
-0.12604
-0.12841
-0.13061
-0.13266
-0.13455
-0.13628
-0.13786
-0.13927
-0.14053
-0.14164
-0.1426
-0.14341
-0.14407
-0.14459
-0.14497
-0.14521
-0.14531
-0.14529
-0.14514
-0.14486
-0.14447
-0.14396
-0.14335
-0.14264
-0.14183
-0.14093
-0.13995
-0.1389
-0.13778
-0.1366
-0.13537
-0.1341
-0.1328
-0.13147
-0.13013
-0.12879
-0.12744
-0.12611
-0.1248
-0.12351
-0.12226
-0.12105
-0.11989
-0.11878
-0.11773
-0.11675
-0.11584
-0.115
-0.11423
-0.11355
-0.11295
-0.11242
-0.11199
-0.11163
-0.11136
-0.11116
-0.11105
-0.11101
-0.11104
-0.11114
-0.11129
-0.11151
-0.11177
-0.11207
-0.1124
-0.11275
-0.11311
-0.11346
-0.11379
-0.1141
-0.11435
-0.11454
-0.11464
-0.11464
-0.11452
-0.11426
-0.11383
-0.11322
-0.11239
-0.11134
-0.11002
-0.10843
-0.10654
-0.10432
-0.10175
-0.098807
-0.095474
-0.091728
-0.087549
-0.082921
-0.077826
-0.072249
-0.066179
-0.059605
-0.052518
-0.044912
-0.036786
-0.028138
-0.01897
-0.009289
0.00089693
0.011576
0.022733
0.034351
0.046408
0.058879
0.071738
0.084954
0.098496
0.11233
0.12641
0.14071
0.15518
0.16978
0.18447
0.19921
0.21394
0.22864
0.24325
0.25774
0.27206
0.28618
0.30007
0.31369
0.32701
0.34
0.35265
0.36493
0.37682
0.38832
0.39941
0.41009
0.42035
0.4302
0.43963
0.44866
0.4573
0.46555
0.47343
0.48095
0.48813
0.49499
0.50154
0.50781
0.5138
0.51955
0.52508
0.53039
0.53551
0.54046
0.54525
0.5499
0.55444
0.55886
0.56319
0.56744
0.57163
0.57576
0.57984
0.58388
0.58789
0.59188
0.59586
0.59982
0.60377
0.60772
0.61166
0.6156
0.61953
0.62346
0.62738
0.63129
0.63519
0.63906
0.64292
0.64675
0.65054
0.6543
0.65801
0.66168
0.6653
0.66885
0.67235
0.67578
0.67915
0.68245
0.68568
0.68883
0.69192
0.69493
0.69788
0.70076
0.70358
0.70634
0.70904
0.71169
0.71429
0.71685
0.71936
0.72184
0.7243
0.72672
0.72912
0.7315
0.73387
0.73622
0.73856
0.7409
0.74323
0.74555
0.74787
0.75019
0.75251
0.75484
0.75716
0.75948
0.76181
0.76414
0.76647
0.76881
0.77115
0.77349
0.77584
0.7782
0.78056
0.78294
0.78531
0.7877
0.79009
0.7925
0.79491
0.79732
0.79975
0.80218
0.80461
0.80704
0.80948
0.81192
0.81435
0.81677
0.81918
0.82159
0.82397
0.82634
0.82868
0.831
0.83329
0.83555
0.83777
0.83996
0.84211
0.84421
0.84627
0.84829
0.85026
0.85219
0.85407
0.8559
0.85768
0.85941
0.8611
0.86273
0.86432
0.86586
0.86735
0.86878
0.87017
0.8715
0.87277
0.87399
0.87515
0.87625
0.87728
0.87825
0.87914
0.87996
0.8807
0.88136
0.88194
0.88243
0.88284
0.88315
0.88337
0.8835
0.88355
0.8835
0.88336
0.88314
0.88283
0.88245
0.88199
0.88147
0.88088
0.88024
0.87955
0.87882
0.87806
0.87727
0.87647
0.87566
0.87485
0.87404
0.87324
0.87247
0.87171
0.87099
0.8703
0.86965
0.86904
0.86847
0.86795
0.86748
0.86705
0.86667
0.86634
0.86606
0.86582
0.86563
0.86549
0.86539
0.86533
0.86531
0.86532
0.86538
0.86547
0.86559
0.86574
0.86591
0.86612
0.86634
0.86658
0.86684
0.86711
0.86738
0.86766
0.86793
0.86819
0.86844
0.86867
0.86886
0.86902
0.86914
0.8692
0.86921
0.86914
0.869
0.86878
0.86847
0.86806
0.86754
0.86692
0.86618
0.86532
0.86433
0.86322
0.86199
0.86063
0.85914
0.85753
0.85579
0.85394
0.85198
0.84992
0.84775
0.8455
0.84317
0.84076
0.8383
0.83579
0.83324
0.83066
0.82807
0.82547
0.82288
0.82031
0.81777
0.81526
0.8128
0.81039
0.80805
0.80577
0.80357
0.80145
0.7994
0.79744
0.79557
0.79378
0.79208
0.79046
0.78892
0.78747
0.78608
0.78477
0.78353
0.78234
0.78122
0.78014
0.77911
0.77812
0.77716
0.77623
0.77531
0.77442
0.77353
0.77264
0.77174
0.77084
0.76992
0.76899
0.76802
0.76702
0.76599
0.76491
0.76379
0.76261
0.76138
0.76009
0.75873
0.75731
0.75581
0.75425
0.7526
0.75088
0.74908
0.74719
0.74523
0.74319
0.74106
0.73886
0.73659
0.73424
0.73182
0.72934
0.7268
0.72419
0.72154
0.71884
0.71609
0.71331
0.71049
0.70765
0.70478
0.7019
0.69901
0.69611
0.6932
0.6903
0.6874
0.68451
0.68163
0.67877
0.67592
0.67309
0.67029
0.66751
0.66475
0.66203
0.65934
0.65669
0.65407
0.65149
0.64895
0.64645
0.64399
0.64158
0.63922
0.6369
0.63463
0.63242
0.63024
0.62812
0.62604
0.62401
0.62203
0.62008
0.61817
0.6163
0.61446
0.61266
0.61088
0.60912
0.60737
0.60565
0.60393
0.60223
0.60053
0.59883
0.59713
0.59543
0.59373
0.59203
0.59032
0.58861
0.58691
0.5852
0.5835
0.5818
0.58012
0.57845
0.57679
0.57516
0.57356
0.57199
0.57046
0.56897
0.56753
0.56614
0.56481
0.56354
0.56235
0.56122
0.56018
0.55922
0.55835
0.55758
0.5569
0.55633
0.55586
0.55551
0.55527
0.55514
0.55514
0.55525
0.5555
0.55586
0.55635
0.55697
0.55771
0.55856
0.55954
0.56062
0.56182
0.56311
0.5645
0.56598
0.56753
0.56914
0.57081
0.57252
0.57427
0.57603
0.57779
0.57955
0.58128
0.58298
0.58463
0.58621
0.58773
0.58915
0.59047
0.59168
0.59278
0.59374
0.59456
0.59523
0.59576
0.59612
0.59631
0.59634
0.59619
0.59587
0.59537
0.59469
0.59383
0.59279
0.59157
0.59018
0.5886
0.58685
0.58493
0.58283
0.58057
0.57815
0.57556
0.57281
0.56991
0.56686
0.56366
0.56031
0.55683
0.55321
0.54946
0.54557
0.54157
0.53743
0.53319
0.52882
0.52435
0.51977
0.51508
0.5103
0.50543
0.50047
0.49542
0.4903
0.48512
0.47987
0.47458
0.46924
0.46388
0.45849
0.4531
0.44771
0.44234
0.43701
0.43172
0.42648
0.42132
0.41625
0.41128
0.40642
0.40169
0.39709
0.39263
0.38832
0.38418
0.3802
0.37639
0.37274
0.36927
0.36597
0.36283
0.35986
0.35704
0.35437
0.35184
0.34945
0.34717
0.34501
0.34295
0.34098
0.33908
0.33726
0.33549
0.33376
0.33207
0.3304
0.32874
0.3271
0.32545
0.3238
0.32213
0.32045
0.31874
0.317
0.31523
0.31343
0.31159
0.30972
0.30781
0.30586
0.30387
0.30184
0.29978
0.29768
0.29554
0.29338
0.29118
0.28895
0.2867
0.28443
0.28214
0.27983
0.27751
0.27519
0.27286
0.27054
0.26823
0.26594
0.26366
0.26142
0.25921
0.25704
0.25492
0.25285
0.25084
0.2489
0.24703
0.24524
0.24352
0.2419
0.24036
0.23891
0.23756
0.23631
0.23515
0.23408
0.23311
0.23223
0.23144
0.23073
0.23011
0.22956
0.22908
0.22867
0.22831
0.228
0.22774
0.22751
0.2273
0.22712
0.22694
0.22676
0.22658
0.22638
0.22617
0.22592
0.22563
0.2253
0.22493
0.22449
0.224
0.22344
0.22282
0.22212
0.22135
0.2205
0.21958
0.21857
0.21748
0.21631
0.21507
0.21374
0.21233
0.21084
0.20929
0.20765
0.20595
0.20418
0.20235
0.20046
0.19852
0.19652
0.19449
0.19241
0.19031
0.18818
0.18603
0.18387
0.1817
0.17954
0.17739
0.17526
0.17315
0.17107
0.16904
0.16704
0.1651
0.16321
0.16138
0.15962
0.15792
0.15628
0.15472
0.15322
0.15179
0.15043
0.14913
0.1479
0.14672
0.14559
0.14452
0.14349
0.1425
0.14154
0.14061
0.13971
0.13883
0.13796
0.1371
0.13625
0.13541
0.13456
0.13372
0.13287
0.13201
0.13115
0.13028
0.1294
0.12851
0.12762
0.12671
0.1258
0.12488
0.12395
0.12302
0.12209
0.12115
0.12021
0.11928
0.11835
0.11742
0.1165
0.1156
0.11471
0.11383
0.11298
0.11215
0.11135
0.11059
0.10986
0.10917
0.10852
0.10792
0.10738
0.10689
0.10646
0.10609
0.10579
0.10555
0.10537
0.10526
0.10522
0.10524
0.10533
0.10548
0.10568
0.10594
0.10625
0.1066
0.107
0.10743
0.10789
0.10837
0.10887
0.10938
0.1099
0.11042
0.11093
0.11143
0.11191
0.11238
0.11281
0.11322
0.1136
0.11393
0.11423
0.11448
0.11468
0.11483
0.11493
0.11496
0.11494
0.11486
0.1147
0.11448
0.11418
0.1138
0.11334
0.11279
0.11215
0.11141
0.11058
0.10964
0.10859
0.10742
0.10614
0.10474
0.10321
0.10155
0.099766
0.097847
0.095793
0.093604
0.091279
0.088819
0.086225
0.0835
0.080646
0.077666
0.074566
0.071352
0.068029
0.064605
0.061089
0.057489
0.053816
0.050081
0.046295
0.042471
0.03862
0.034758
0.030896
0.02705
